25730
186242
3397093
41859
c7264b88add5356090821e456a6fe427
529886
2262435
3639499
563913
121569
92761
529929
7c3ef43a52118a3f76115e796d22b283
529990
3680774
93b77da7886438c2f722ebdda7842df2
6755
142321
2128
74036
33633 204111 529894 125507 1761566 29688 3640126 244618 29500 20702 529922 2128 294675 25730 4755 2262435 142321 258855 529998 529902 529929 3049 746 476914 280106 450958 26289 202207 3397093 139808 18599 38903d34ce329db453712e33103d4cbb 06ed148d4e6fd5a308e2cddd8878e6b0 529990 44143 93b77da7886438c2f722ebdda7842df2 3680774 61890 4759 3354765 5331 121569 01dca4770ab07bf223cc5184a8684b91 118591 7c3ef43a52118a3f76115e796d22b283 407023 9430 2f4c6c835893ba8a77711804e46d2c3a c7264b88add5356090821e456a6fe427 118973 529995 288436 0af3e8fd63c74645bb003b7ac79825e1 375318 6755 92761 33924 92750 6168 530043 e097fe0d566a9ee5b72958f5429dcf95 186242 74036 10304ef51bb15cc3dcbcfee1d7ec44ad 529888 80 119181 bd75b43a506faf899df3fc884e266917 494165 24615 734 3522 92042 574199 3639499 763893d5b8dd0d057f8479ac8dbc6063 41859 802860 330582 1249871 529895 529992 60383 69312 33781 406729 20676 99024 4767 99282 36c58e391af72287c986c69a36b4fe45 66872 2418585 13081 529886 f73be45c03bb1a3741ff7c292bd95e3c 405760 2425043 7769695 5969 563913
330582
139808
494165
92042
38903d34ce329db453712e33103d4cbb
20676
80
450958
20702
529902
0af3e8fd63c74645bb003b7ac79825e1
529995
69312
5969
4759
529888
734
10304ef51bb15cc3dcbcfee1d7ec44ad
1761566
3049
9430
29688
280106
24615
6168
06ed148d4e6fd5a308e2cddd8878e6b0
60383
13081
288436
204111
763893d5b8dd0d057f8479ac8dbc6063
e097fe0d566a9ee5b72958f5429dcf95
29500
802860
746
92750
5331
3354765
294675
118591
f73be45c03bb1a3741ff7c292bd95e3c
407023
529895
7769695
2f4c6c835893ba8a77711804e46d2c3a
405760
99024
529998
61890
3640126
529992
1249871
530043
4767
202207
26289
125507
3522
33924
2418585
529922
2425043
66872
258855
36c58e391af72287c986c69a36b4fe45
574199
119181
bd75b43a506faf899df3fc884e266917
118973
476914
33781
44143
99282
375318
4755
18599
01dca4770ab07bf223cc5184a8684b91
244618
406729
529894
