33633 204111
33633 529894
33633 125507
33633 1761566
33633 29688
33633 3640126
33633 244618
33633 29500
33633 20702
33633 529922
33633 2128
33633 294675
33633 25730
33633 4755
33633 2262435
33633 142321
33633 258855
33633 529998
33633 529902
33633 529929
33633 3049
33633 746
33633 476914
33633 280106
33633 450958
33633 26289
33633 202207
33633 3397093
33633 139808
33633 18599
33633 38903d34ce329db453712e33103d4cbb
33633 06ed148d4e6fd5a308e2cddd8878e6b0
33633 529990
33633 44143
33633 93b77da7886438c2f722ebdda7842df2
33633 3680774
33633 61890
33633 4759
33633 3354765
33633 5331
33633 121569
33633 01dca4770ab07bf223cc5184a8684b91
33633 118591
33633 7c3ef43a52118a3f76115e796d22b283
33633 407023
33633 9430
33633 2f4c6c835893ba8a77711804e46d2c3a
33633 c7264b88add5356090821e456a6fe427
33633 118973
33633 529995
33633 288436
33633 0af3e8fd63c74645bb003b7ac79825e1
33633 375318
33633 6755
33633 92761
33633 33924
33633 92750
33633 6168
33633 530043
33633 e097fe0d566a9ee5b72958f5429dcf95
33633 186242
33633 74036
33633 10304ef51bb15cc3dcbcfee1d7ec44ad
33633 529888
33633 80
33633 119181
33633 bd75b43a506faf899df3fc884e266917
33633 494165
33633 24615
33633 734
33633 3522
33633 92042
33633 574199
33633 3639499
33633 763893d5b8dd0d057f8479ac8dbc6063
33633 41859
33633 802860
33633 330582
33633 1249871
33633 529895
33633 529992
33633 60383
33633 69312
33633 33781
33633 406729
33633 20676
33633 99024
33633 4767
33633 99282
33633 36c58e391af72287c986c69a36b4fe45
33633 66872
33633 2418585
33633 13081
33633 529886
33633 f73be45c03bb1a3741ff7c292bd95e3c
33633 405760
33633 2425043
33633 7769695
33633 5969
33633 563913
