529557 529559
529557 529554
529557 529560
529557 809807
529557 20680
529557 20322
529557 3676101
529557 39237
529557 20144
529557 1001
529557 1f53c9f3811cc581ab65414cb6e2f073
529557 529555
529557 20295
529557 17598
529557 20313
529557 529558
529557 20682
529557 20306
529557 529556
529557 20419
523796 523787
523796 157816
523796 3379566
523796 384353
523796 129093
523796 23800
523796 3522803
523796 528938
523796 34091
523796 528939
523796 145202
523796 37852
523796 523788
523796 59688
523796 297716
523796 523798
523796 408364
523796 3146726
523796 57684
523796 799241
71455 384379
71455 378247
71455 2563
71455 384353
71455 408364
107935 107932
107935 20672
107935 107916
107935 20468
107935 107936
107935 20214
107935 20632
107935 107926
107935 20216
107935 107933
107935 107937
107935 107891
107935 20390
107935 17598
107935 93288
107935 20094
107935 824
107935 974
107935 107934
107935 20574
93288 20455
93288 107916
93288 89649
93288 20463
93288 63470
93288 20064
93288 107946
93288 107926
93288 20435
93288 64293
93288 107945
93288 63728
93288 107940
93288 20458
93288 20554
93288 107942
93288 20094
93288 107943
93288 107934
93288 20636
20295 392140
20295 107814
20295 20274
20295 528897
20295 20278
20295 20276
20295 20281
20295 20279
20295 20272
20295 529398
20295 107809
20295 107939
20295 60514
20295 20282
20295 64294
20295 20271
20295 529182
20295 107093
20295 20285
20295 107813
392133 392140
392133 799dded2ee7d99894a2a517d8a9ad30c
392133 3676101
392133 55136458990b35fda9f280aebaa51cd2
392133 392138
392133 3389208
392133 392131
392133 3379566
392133 3647
392133 c280195e44d78284e126d4823b28d80b
392133 285330
392133 e4151a7076651237895e0785fb4064a0
392133 392129
392133 802431
392133 285392
392133 150959166eaa6c0ad78f85c408c27bfe
392133 392126
392133 27311
392133 392136
392133 285403
20077 250292
20077 20083
20077 523796
20077 392202
20077 528923
20077 392224
20077 263680
20077 20095
20077 20085
20077 263697
20077 529191
20077 20094
20077 528919
20077 20075
20077 388182
20077 20089
20077 107816
20077 20091
20077 392238
20077 20087
541528 1279655
541528 541527
541528 541526
541528 3379566
541528 384353
541528 57692
541528 523984
541528 1279654
541528 1279652
541528 23800
541528 457948
541528 541532
541528 523982
541528 1279653
541528 541525
541528 71455
541528 1279656
541528 408364
541528 541529
541528 541531
107816 263685
107816 107916
107816 107814
107816 263703
107816 107819
107816 201333
107816 107818
107816 18759
107816 107891
107816 20684
107816 107815
107816 17598
107816 392171
107816 824
107816 107817
107816 107921
107816 20331
107816 107925
107816 392205
107816 107813
107934 107932
107934 107916
107934 20680
107934 20523
107934 20581
107934 20281
107934 20576
107934 107926
107934 20272
107934 20095
107934 18759
107934 20157
107934 107931
107934 107891
107934 20587
107934 20282
107934 20528
107934 20521
107934 20075
107934 4455
107946 90299
107946 107916
107946 89649
107946 20373
107946 3676101
107946 63470
107946 20064
107946 107926
107946 64293
107946 107945
107946 63728
107946 20591
107946 93288
107946 63724
107946 107943
107946 107934
107946 107948
107946 20380
107946 20446
107946 20189
392238 20066
392238 218432
392238 799dded2ee7d99894a2a517d8a9ad30c
392238 3676101
392238 55136458990b35fda9f280aebaa51cd2
392238 20408
392238 3647
392238 c280195e44d78284e126d4823b28d80b
392238 285330
392238 e4151a7076651237895e0785fb4064a0
392238 20068
392238 20282
392238 242398
392238 392169
392238 285392
392238 29600
392238 233680
392238 20075
392238 388184
392238 20574
529156 529153
529156 529158
529156 529157
529156 799dded2ee7d99894a2a517d8a9ad30c
529156 3676101
529156 55136458990b35fda9f280aebaa51cd2
529156 3379566
529156 3647
529156 c280195e44d78284e126d4823b28d80b
529156 27309
529156 285330
529156 e4151a7076651237895e0785fb4064a0
529156 285392
529156 150959166eaa6c0ad78f85c408c27bfe
529156 529154
529156 e65c668cee00626cab734e05aa4d3892
529156 285403
529156 529155
529156 286042
529156 529159
392205 107887
392205 20672
392205 107819
392205 20395
392205 20398
392205 263693
392205 20689
392205 20337
392205 107816
392205 20083
392205 107809
392205 107820
392205 391971
392205 107815
392205 20634
392205 20682
392205 132032
392205 974
392205 107822
392205 107817
388182 392180
388182 799dded2ee7d99894a2a517d8a9ad30c
388182 3676101
388182 55136458990b35fda9f280aebaa51cd2
388182 3379566
388182 789121
388182 3647
388182 c280195e44d78284e126d4823b28d80b
388182 285330
388182 e4151a7076651237895e0785fb4064a0
388182 fad7fe5d53359e0a27f9af156f2b95bd
388182 392182
388182 925
388182 392185
388182 388183
388182 388013
388182 285392
388182 150959166eaa6c0ad78f85c408c27bfe
388182 285403
388182 388184
107916 20489
107916 65158
107916 16241
107916 31e409239b3db9216a98879f5a7ff3e9
107916 20431
107916 3278020
107916 16238
107916 384353
107916 198525
107916 120299
107916 15708
107916 370452
107916 20425
107916 396504
107916 15703
107916 5965
107916 20123
107916 20128
107916 590054
107916 20396
20089 201770
20089 529554
20089 392155
20089 391975
20089 392131
20089 20077
20089 530128
20089 529575
20089 201759
20089 20091
20089 529234
20089 20083
20089 528879
20089 529172
20089 528925
20089 20087
20089 529199
20089 20094
20089 20085
20089 20075
3676101 33150
3676101 3fda22cc83be26afd0aa43560dc7862e
3676101 3505169
3676101 1764739
529301 528396
529301 528698
529301 20523
529301 529373
529301 967
529301 528430
529301 529270
529301 528820
529301 529304
529301 529271
529301 20493
529301 529302
529301 529351
529301 528401
529301 529268
529301 528864
529301 528867
529301 20123
529301 528888
529301 529305
20454 529861
20454 20455
20454 20468
20454 20463
20454 20464
20454 201334
20454 107812
20454 20461
20454 392166
20454 529338
20454 392145
20454 107891
20454 528955
20454 107815
20454 20458
20454 523796
20454 93288
20454 20466
20454 528954
20454 20456
75037 28584
75037 28590
75037 28607
75037 28585
75037 28591
75037 28586
75037 76732
75037 28592
75037 28587
75037 28606
75037 7630
75037 28602
75037 28603
75037 28605
75037 28588
75037 28583
75037 28589
75037 28596
75037 9920
75037 28595
530516 530519
530516 799dded2ee7d99894a2a517d8a9ad30c
530516 3676101
530516 55136458990b35fda9f280aebaa51cd2
530516 978c4f32d74ac64f02392f6972cdb411
530516 3379566
530516 530518
530516 530520
530516 3647
530516 c280195e44d78284e126d4823b28d80b
530516 285330
530516 530515
530516 e4151a7076651237895e0785fb4064a0
530516 fad7fe5d53359e0a27f9af156f2b95bd
530516 285392
530516 150959166eaa6c0ad78f85c408c27bfe
530516 530512
530516 285403
530516 530513
530516 1277135
20271 1446540
20271 201757
20271 20274
20271 20278
20271 529963
20271 20276
20271 20281
20271 20279
20271 107926
20271 20272
20271 63327
20271 63997
20271 20254
20271 107816
20271 107820
20271 20282
20271 93288
20271 20286
20271 107093
20271 20285
200205 880468
200205 20463
200205 20320
200205 bfb5c36e04df8ba2cc33266e6f49f5eb
200205 3676101
200205 2359681
200205 20278
200205 3379566
200205 528933
200205 26
200205 3647
200205 528934
200205 925
200205 528935
200205 201755
200205 20313
200205 201753
200205 201754
200205 977
200205 20286
18759 201770
18759 529587
18759 529243
18759 18855
18759 18898
18759 20632
18759 523805
18759 107891
18759 107893
18759 19110
18759 17598
18759 204710
18759 20634
18759 529992
18759 529156
18759 392228
18759 529166
18759 208928
18759 20636
18759 18582
285330 f2a430da6b265661f17096964b374183
285330 d41fdd3a681500a11fcc7ee8cc9f7323
285330 98235d773aada208d90ac2a291a0cd70
285330 70049
285330 fc592b5a831cbf675a0cf383d3023e16
285330 142321
285330 5664
285330 de9e499881288c77268be4a9ae44f6d5
285330 c280195e44d78284e126d4823b28d80b
285330 4850
285330 2a32de3bd0c11a945eb55ebb3df65ab8
285330 e7fa14e5569becb9ac7a45e5f379f475
285330 285392
285330 9de5ebe82a096906cb783879d9dd145e
285330 27720
285330 219026e2efdb717770af1a6c01a13b97
285330 28afa50e4da5d4d143d2d5dd32824031
285330 1679833
285330 317730b3d0fb55571658b73ab169c5b9
285330 397901
3647 27317
3647 27355
3647 27325
3647 540974
3647 d7a2ca50d32778fa5de7e1c21b517795
3647 27359
3647 3198747
3647 9393f4aa57471b3d91633424e20889d0
3647 540926
3647 83563c87a7c245d4f80e3cc97b84a2dd
3647 27305
3647 27349
3647 27299
3647 17598
3647 540982
3647 27311
3647 27335
3647 27345
3647 20128
3647 27329
20421 529926
20421 20392
20421 20402
20421 20373
20421 20395
20421 20398
20421 20408
20421 529398
20421 107931
20421 63974
20421 20390
20421 187811
20421 20400
20421 107940
20421 530268
20421 20405
20421 57704
20421 20406
20421 107813
20421 20396
14007 20083
14007 967
14007 20206
14007 20148
14007 20085
14007 20144
14007 20454
14007 974
14007 20513
14007 20674
14007 20579
14007 20634
14007 20329
14007 20331
14007 20636
14007 20075
14007 20509
14007 20574
14007 20515
14007 20578
20513 528396
20513 20523
20513 107926
20513 20519
20513 20517
20513 20531
20513 20493
20513 725
20513 107945
20513 63998
20513 528401
20513 20528
20513 20515
20513 14007
20513 20521
20513 528954
20513 20526
20513 26753
20513 107093
20513 20509
28605 28585
28605 28591
28605 28586
28605 28606
28605 7630
28605 28583
28605 28596
28605 28602
28605 28588
28605 28589
28605 28590
28605 28608
28605 28603
28605 28584
28605 28592
28605 28607
28605 9920
28605 28587
28605 76732
28605 28595
107948 107949
107948 93288
107948 107934
107948 20095
107948 89649
107948 107945
107948 107916
107948 20102
107948 20691
107948 20517
107948 107950
107948 107926
107948 20286
107948 64293
107948 63728
107948 20636
107948 107946
107948 20509
107948 63470
107948 90299
20456 20455
20456 20468
20456 20463
20456 20464
20456 529993
20456 20435
20456 20461
20456 13080
20456 20454
20456 20470
20456 530829
20456 2477
20456 528925
20456 263716
20456 20458
20456 20466
20456 132032
20456 530143
20456 107895
20456 63722
20102 529861
20102 529260
20102 392161
20102 201757
20102 528909
20102 529145
20102 529759
20102 20077
20102 201759
20102 20091
20102 529940
20102 20083
20102 528955
20102 20089
20102 20087
20102 392150
20102 20094
20102 20085
20102 530117
20102 20075
28602 28585
28602 28591
28602 28586
28602 28606
28602 7630
28602 28605
28602 28583
28602 28596
28602 28588
28602 28589
28602 28590
28602 28603
28602 28584
28602 28592
28602 28607
28602 25b099bf607972a6e81171bec582a5d5
28602 9920
28602 28587
28602 76732
28602 28595
20274 392180
20274 90299
20274 107951
20274 107888
20274 20278
20274 20276
20274 20281
20274 20279
20274 187684
20274 20272
20274 263723
20274 20282
20274 529191
20274 20271
20274 530968
20274 14007
20274 20285
20274 107895
20274 107094
20274 107810
20574 107896
20574 20584
20574 89649
20574 392175
20574 107819
20574 107888
20574 20581
20574 20576
20574 107898
20574 20582
20574 107931
20574 20579
20574 25663
20574 20587
20574 107890
20574 107940
20574 824
20574 107948
20574 392187
20574 20578
3389208 299621
20672 231810
20672 20674
20672 20680
20672 250290
20672 530007
20672 392133
20672 523785
20672 392131
20672 20676
20672 529398
20672 392145
20672 20684
20672 530394
20672 20688
20672 20682
20672 392235
20672 392136
20672 392238
20672 20678
20672 392205
33041 20083
33041 967
33041 20210
33041 20392
33041 20148
33041 20576
33041 20144
33041 20454
33041 20272
33041 974
33041 20634
33041 20329
33041 20331
33041 20390
33041 20636
33041 20271
33041 20274
33041 20509
33041 20574
33041 20578
523984 a9f0ae53b403bfc139f33f71df8cadac
523984 1519907
523984 83360231e9ad456d3246db385dc39067
523984 4169
523984 57692
523984 3367383
523984 523982
523984 31887
523984 71455
523984 408364
64293 64291
64293 20326
64293 90299
64293 107951
64293 20281
64293 20279
64293 107926
64293 20216
64293 20339
64293 63998
64293 19110
64293 64294
64293 63728
64293 21944
64293 93288
64293 107950
64293 107934
64293 107948
64293 20574
64293 107813
529373 799dded2ee7d99894a2a517d8a9ad30c
529373 3676101
529373 55136458990b35fda9f280aebaa51cd2
529373 3379566
529373 529378
529373 3647
529373 c280195e44d78284e126d4823b28d80b
529373 529376
529373 27309
529373 285330
529373 529380
529373 529369
529373 e4151a7076651237895e0785fb4064a0
529373 fad7fe5d53359e0a27f9af156f2b95bd
529373 529370
529373 285392
529373 150959166eaa6c0ad78f85c408c27bfe
529373 529372
529373 285403
529373 18e1c81ac539447e72d17f9680147f5a
63316 20210
63316 20206
63316 20148
63316 20576
63316 20085
63316 20455
63316 20144
63316 20454
63316 20149
63316 20272
63316 20672
63316 20634
63316 20329
63316 20678
63316 20390
63316 20636
63316 20075
63316 20077
63316 20574
63316 20578
28606 28585
28606 28591
28606 28586
28606 7630
28606 28605
28606 28583
28606 28596
28606 28602
28606 28588
28606 28589
28606 28590
28606 28608
28606 28603
28606 28584
28606 28592
28606 28607
28606 9920
28606 28587
28606 76732
28606 28595
63728 20392
63728 20672
63728 20455
63728 20151
63728 20077
63728 967
63728 20206
63728 20676
63728 20579
63728 20149
63728 20390
63728 20513
63728 20634
63728 20515
63728 20212
63728 974
63728 20331
63728 20636
63728 20456
63728 20574
541524 1279655
541524 541527
541524 541526
541524 3379566
541524 384353
541524 57692
541524 523984
541524 1279654
541524 541522
541524 1279652
541524 23800
541524 457948
541524 523982
541524 1279653
541524 541525
541524 71455
541524 1279651
541524 541523
541524 541521
541524 408364
20155 529204
20155 20159
20155 528929
20155 20151
20155 9997
20155 20144
20155 530108
20155 263723
20155 20157
20155 107923
20155 20148
20155 20149
20155 107945
20155 107815
20155 523797
20155 392171
20155 107817
20155 20165
20155 107094
20155 20152
151863 20254
151863 20064
151863 63998
151863 63328
151863 20077
151863 63318
151863 392126
151863 63316
151863 824
151863 541526
151863 33041
151863 107948
151863 20206
151863 63996
151863 63319
151863 14007
151863 63483
151863 250290
151863 107813
151863 75037
1231 523787
1231 529193
1231 530050
1231 20077
1231 392240
1231 530520
1231 263707
1231 529202
1231 20091
1231 20083
1231 529195
1231 529388
1231 20089
1231 263716
1231 20087
1231 529192
1231 20094
1231 20085
1231 392194
1231 20075
392124 799dded2ee7d99894a2a517d8a9ad30c
392124 391980
392124 391975
392124 3676101
392124 55136458990b35fda9f280aebaa51cd2
392124 3389208
392124 392131
392124 3379566
392124 3647
392124 c280195e44d78284e126d4823b28d80b
392124 285330
392124 e4151a7076651237895e0785fb4064a0
392124 392129
392124 391971
392124 285392
392124 392126
392124 179414
392124 673554
392124 57
392124 799241
20343 20326
20343 107916
20343 20329
20343 20340
20343 528914
20343 392131
20343 20333
20343 107898
20343 392124
20343 20337
20343 528934
20343 107816
20343 20339
20343 107820
20343 60514
20343 20335
20343 388185
20343 107890
20343 20331
20343 107094
529195 529193
529195 799dded2ee7d99894a2a517d8a9ad30c
529195 3676101
529195 55136458990b35fda9f280aebaa51cd2
529195 529196
529195 3379566
529195 27353
529195 789121
529195 3647
529195 c280195e44d78284e126d4823b28d80b
529195 285330
529195 e4151a7076651237895e0785fb4064a0
529195 fad7fe5d53359e0a27f9af156f2b95bd
529195 285392
529195 150959166eaa6c0ad78f85c408c27bfe
529195 529192
529195 285403
529195 529198
529195 529194
529195 529197
1279652 541503
1279652 541506
1279652 378247
1279652 541507
1279652 541502
1279652 541512
1279652 541514
1279652 57668
1279652 57692
1279652 457948
1279652 523982
1279652 1279653
1279652 71455
1279652 c98a4a3b790b71246e46c730b42cd33d
1279652 1279651
1279652 541500
1279652 541510
1279652 408364
1279652 541501
1279652 541504
528919 391980
528919 392131
528919 20276
528919 528918
528919 528920
528919 391955
528919 20454
528919 528922
528919 392145
528919 392129
528919 20149
528919 528915
528919 392126
528919 20212
528919 505938
528919 523798
528919 528917
528919 20509
528919 528921
528919 20456
20634 107896
20634 18855
20634 18898
20634 20632
20634 392224
20634 107926
20634 18759
20634 107933
20634 392145
20634 60514
20634 19110
20634 17598
20634 107889
20634 392228
20634 14007
20634 523797
20634 392235
20634 20636
20634 107094
20634 18582
7630 28585
7630 28591
7630 28586
7630 28606
7630 28605
7630 28583
7630 28596
7630 28602
7630 28588
7630 28589
7630 28590
7630 28608
7630 28603
7630 28584
7630 28592
7630 28607
7630 9920
7630 28587
7630 76732
7630 28595
107813 33041
107813 20295
107813 89649
107813 392159
107813 1231
107813 20102
107813 20444
107813 63327
107813 20582
107813 63723
107813 107948
107813 64293
107813 332324
107813 392145
107813 901
107813 20435
107813 63328
107813 20421
107813 20214
107813 90299
28591 28585
28591 28586
28591 28606
28591 7630
28591 28605
28591 28583
28591 28596
28591 28602
28591 28588
28591 28589
28591 28590
28591 28608
28591 28603
28591 28584
28591 28592
28591 28607
28591 9920
28591 28587
28591 76732
28591 28595
63327 20672
63327 20674
63327 20151
63327 20632
63327 20206
63327 20144
63327 20676
63327 20083
63327 20148
63327 20149
63327 20513
63327 20271
63327 20212
63327 20085
63327 974
63327 20678
63327 20636
63327 20075
63327 20509
63327 20574
139433 20569
139433 19983
139433 139552
139433 250290
139433 20193
139433 392175
139433 388182
139433 20191
139433 392240
139433 392217
139433 392214
139433 115828
139433 392166
139433 76917
139433 139426
139433 25821
139433 392207
139433 20183
139433 9571
139433 3473
391961 94f573024963b0cf0897be0fcffa2d2a
391961 799dded2ee7d99894a2a517d8a9ad30c
391961 3676101
391961 55136458990b35fda9f280aebaa51cd2
391961 3389208
391961 2412e5aea879ef912e9456b7b22b4c51
391961 789121
391961 3647
391961 c280195e44d78284e126d4823b28d80b
391961 285330
391961 e4151a7076651237895e0785fb4064a0
391961 fad7fe5d53359e0a27f9af156f2b95bd
391961 3388945
391961 27299
391961 285392
391961 150959166eaa6c0ad78f85c408c27bfe
391961 e081856f3a34fa9ceac52372dc4b09f6
391961 289087
391961 3146726
391961 285403
530282 27339
530282 530283
530282 799dded2ee7d99894a2a517d8a9ad30c
530282 3676101
530282 55136458990b35fda9f280aebaa51cd2
530282 3379566
530282 3647
530282 c280195e44d78284e126d4823b28d80b
530282 285330
530282 e4151a7076651237895e0785fb4064a0
530282 461051
530282 fad7fe5d53359e0a27f9af156f2b95bd
530282 530280
530282 530285
530282 285392
530282 530284
530282 150959166eaa6c0ad78f85c408c27bfe
530282 1e6a78a9a7f22fd106e18aa4ac1d0d14
530282 530529
530282 285403
20272 63319
20272 107916
20272 20274
20272 20278
20272 20276
20272 20281
20272 20279
20272 392124
20272 63327
20272 107933
20272 107930
20272 20282
20272 63318
20272 20271
20272 63326
20272 528954
20272 20286
20272 20285
20272 107895
20272 107925
63318 20395
63318 20206
63318 20333
63318 20326
63318 20676
63318 20454
63318 20272
63318 20674
63318 20672
63318 20517
63318 20634
63318 20632
63318 20208
63318 20271
63318 20274
63318 18582
63318 20458
63318 20077
63318 20515
63318 20578
967 20672
967 20326
967 20674
967 20077
967 20632
967 20206
967 20576
967 20144
967 20272
967 20454
967 3249942
967 20148
967 20390
967 20208
967 20271
967 20634
967 968
967 20075
967 20509
967 20574
3677356 144054
20276 392219
20276 20274
20276 107951
20276 20278
20276 20281
20276 9997
20276 20279
20276 20272
20276 530501
20276 107891
20276 20282
20276 64294
20276 107935
20276 20271
20276 107938
20276 63726
20276 201775
20276 528954
20276 20285
20276 529584
541527 1279655
541527 541526
541527 3379566
541527 384353
541527 57692
541527 523984
541527 1279654
541527 1279652
541527 23800
541527 457948
541527 523982
541527 1279653
541527 541525
541527 71455
541527 541528
541527 1279656
541527 408364
541527 541529
541527 541531
541527 541524
20435 530502
20435 20455
20435 20463
20435 201757
20435 20464
20435 530437
20435 20461
20435 391955
20435 20454
20435 530508
20435 392164
20435 20458
20435 505938
20435 20466
20435 230918
20435 529012
20435 529985
20435 20456
20435 529390
20435 529956
28586 28585
28586 28591
28586 28606
28586 7630
28586 28605
28586 28583
28586 28596
28586 28602
28586 28588
28586 28589
28586 28590
28586 28608
28586 28603
28586 28584
28586 28592
28586 28607
28586 9920
28586 28587
28586 76732
28586 28595
392138 392140
392138 799dded2ee7d99894a2a517d8a9ad30c
392138 3676101
392138 55136458990b35fda9f280aebaa51cd2
392138 392133
392138 3389208
392138 392131
392138 3379566
392138 3647
392138 c280195e44d78284e126d4823b28d80b
392138 285330
392138 e4151a7076651237895e0785fb4064a0
392138 263698
392138 19372
392138 392145
392138 544311
392138 285392
392138 392142
392138 392136
392138 57
20509 263685
20509 530945
20509 20523
20509 529383
20509 529976
20509 528866
20509 20519
20509 530985
20509 20517
20509 529202
20509 20513
20509 530055
20509 299524
20509 530525
20509 20515
20509 392126
20509 20521
20509 132032
20509 529253
20509 20526
392152 392155
392152 799dded2ee7d99894a2a517d8a9ad30c
392152 3676101
392152 55136458990b35fda9f280aebaa51cd2
392152 3379566
392152 392159
392152 3647
392152 c280195e44d78284e126d4823b28d80b
392152 285330
392152 e4151a7076651237895e0785fb4064a0
392152 392148
392152 392157
392152 782449
392152 299524
392152 27321
392152 285392
392152 392150
392152 781656
392152 285403
392152 3389210
530515 530519
530515 799dded2ee7d99894a2a517d8a9ad30c
530515 3676101
530515 55136458990b35fda9f280aebaa51cd2
530515 978c4f32d74ac64f02392f6972cdb411
530515 3379566
530515 530518
530515 530510
530515 3647
530515 c280195e44d78284e126d4823b28d80b
530515 285330
530515 e4151a7076651237895e0785fb4064a0
530515 530516
530515 fad7fe5d53359e0a27f9af156f2b95bd
530515 285392
530515 150959166eaa6c0ad78f85c408c27bfe
530515 530512
530515 285403
530515 530513
530515 1277135
28584 28585
28584 28591
28584 28586
28584 28606
28584 7630
28584 28605
28584 28583
28584 28596
28584 28602
28584 28588
28584 28589
28584 28590
28584 28608
28584 28603
28584 28592
28584 28607
28584 9920
28584 28587
28584 76732
28584 28595
263680 49335
263680 263685
263680 263703
263680 201333
263680 3379566
263680 107818
263680 384353
263680 129093
263680 23800
263680 107891
263680 392221
263680 187811
263680 263678
263680 204710
263680 263665
263680 203226
263680 208928
263680 69cd42cf0c872939592c4d5c20534c8a
263680 3146726
263680 862f2196f676ac046c575570c209b992
63470 20392
63470 20672
63470 20674
63470 20210
63470 20632
63470 20206
63470 20144
63470 20676
63470 20272
63470 20083
63470 20148
63470 20513
63470 20208
63470 20634
63470 974
63470 20331
63470 20636
63470 20075
63470 20456
63470 20574
20254 529557
20254 392152
20254 20281
20254 529195
20254 529976
20254 392219
20254 20282
20254 20272
20254 530000
20254 529649
20254 200205
20254 20278
20254 392138
20254 20271
20254 20274
20254 20279
20254 529586
20254 20276
20254 392205
20254 528939
20674 392140
20674 20672
20674 20680
20674 204718
20674 392133
20674 528865
20674 529945
20674 529903
20674 20676
20674 392182
20674 263697
20674 388183
20674 20684
20674 530452
20674 20688
20674 528863
20674 250074
20674 20682
20674 392136
20674 20678
392131 107814
392131 3676101
392131 55136458990b35fda9f280aebaa51cd2
392131 392133
392131 392138
392131 3389208
392131 3379566
392131 392124
392131 3647
392131 c280195e44d78284e126d4823b28d80b
392131 27309
392131 285330
392131 e4151a7076651237895e0785fb4064a0
392131 925
392131 392129
392131 285392
392131 146467
392131 392126
392131 1002
392131 392136
541592 541591
541592 541590
541592 1279657
541592 3379566
541592 384353
541592 57692
541592 523984
541592 1279659
541592 541594
541592 23800
541592 457948
541592 523982
541592 541593
541592 541595
541592 71455
541592 1279656
541592 408364
541592 1279660
541592 541589
541592 1279658
20576 20584
20576 20581
20576 107946
20576 20582
20576 20589
20576 20579
20576 25663
20576 107891
20576 20587
20576 60514
20576 529139
20576 26755
20576 20554
20576 263688
20576 530268
20576 63723
20576 107093
20576 392205
20576 20574
20576 20578
28587 28585
28587 28591
28587 28586
28587 28606
28587 7630
28587 28605
28587 28583
28587 28596
28587 28602
28587 28588
28587 28589
28587 28590
28587 28608
28587 28603
28587 28584
28587 28592
28587 28607
28587 9920
28587 76732
28587 28595
529204 631dea7fa1a6e2984bf725721de07b3c
529204 3676101
529204 27296
529204 3379566
529204 529601
529204 529201
529204 445934
529204 3647
529204 c280195e44d78284e126d4823b28d80b
529204 e4151a7076651237895e0785fb4064a0
529204 529202
529204 239e3d359545e31375e5def270a4677b
529204 20155
529204 192990
529204 2175
529204 32134
529204 529600
529204 529602
529204 529203
529204 20110
408364 532027
408364 16307
408364 13874
408364 2563
408364 4620
408364 384353
408364 57692
408364 2530504
408364 3648
408364 71455
408364 54401
408364 6757
20214 529244
20214 529333
20214 20210
20214 529378
20214 20206
20214 529345
20214 20216
20214 529346
20214 529240
20214 529234
20214 529937
20214 529571
20214 20208
20214 20212
20214 530364
20214 529253
20214 529343
20214 530447
20214 529237
20214 529267
392224 20073
392224 20672
392224 20702
392224 33804
392224 3676101
392224 20276
392224 20077
392224 20223
392224 20615
392224 20176
392224 3647
392224 27359
392224 c280195e44d78284e126d4823b28d80b
392224 20175
392224 9637
392224 20634
392224 20097
392224 974
392224 20075
392224 853
250292 250290
250292 20193
250292 94cbc30b186b60305a133335cc321814
250292 3379566
250292 20077
250292 4616
250292 59160
250292 391966
250292 117293
250292 20155
250292 27907
250292 0f036453071ed4da3d63686efd72414b
250292 250073
250292 103150
250292 250297
250292 391961
250292 250074
250292 3146726
250292 20187
250292 68868
28583 28585
28583 28591
28583 28586
28583 28606
28583 7630
28583 28605
28583 28596
28583 28602
28583 28588
28583 28589
28583 28590
28583 28608
28583 28603
28583 28584
28583 28592
28583 28607
28583 9920
28583 28587
28583 76732
28583 28595
20148 392180
20148 107887
20148 20159
20148 20151
20148 107888
20148 107818
20148 20144
20148 20157
20148 20155
20148 529271
20148 20149
20148 263697
20148 529139
20148 388185
20148 388013
20148 530431
20148 208928
20148 20165
20148 392189
20148 20152
20455 529924
20455 20468
20455 20463
20455 20464
20455 63482
20455 20435
20455 20461
20455 392166
20455 20454
20455 20470
20455 107931
20455 725
20455 528939
20455 21944
20455 20458
20455 20466
20455 63724
20455 107943
20455 540750
20455 20456
28595 28585
28595 28591
28595 28586
28595 28606
28595 7630
28595 28605
28595 28583
28595 28596
28595 28602
28595 28588
28595 28589
28595 28590
28595 28608
28595 28603
28595 28584
28595 28592
28595 28607
28595 9920
28595 28587
28595 76732
20582 20584
20582 63469
20582 20581
20582 63482
20582 20576
20582 20589
20582 20579
20582 25663
20582 528955
20582 63974
20582 20587
20582 63325
20582 63998
20582 21944
20582 20554
20582 392126
20582 14007
20582 57704
20582 20574
20582 20578
20678 529193
20678 530123
20678 20672
20678 20674
20678 20680
20678 529963
20678 529580
20678 20676
20678 529398
20678 528920
20678 529863
20678 529340
20678 530442
20678 20684
20678 528401
20678 529258
20678 529199
20678 20682
20678 528869
20678 529913
23800 89649
23800 107888
23800 20214
23800 20064
23800 529575
23800 263693
23800 528918
23800 1001
23800 20435
23800 20519
23800 529573
23800 541123
23800 20493
23800 541592
23800 528597
23800 528919
23800 63316
23800 107894
23800 529000
23800 541111
528939 523787
528939 528937
528939 528929
528939 528860
528939 20333
528939 20676
528939 392173
528939 20157
528939 20083
528939 388183
528939 20513
528939 528938
528939 37852
528939 523796
528939 523798
528939 20466
528939 230918
528939 20509
528939 388184
528939 528701
789121 544095
789121 5664
789121 3646656
789121 51354
789121 ea653680833d1850a672841a2d8c97b8
789121 137673
789121 3254681
789121 23800
789121 286482
789121 37831
789121 530874
789121 3646
789121 3275501
789121 3723
789121 41006
789121 123749
789121 289087
20676 20672
20676 20674
20676 20680
20676 250290
20676 528933
20676 529569
20676 332324
20676 263723
20676 529176
20676 392145
20676 20684
20676 392233
20676 20688
20676 392226
20676 523796
20676 529166
20676 20682
20676 529583
20676 528954
20676 20678
392202 94f573024963b0cf0897be0fcffa2d2a
392202 799dded2ee7d99894a2a517d8a9ad30c
392202 3676101
392202 55136458990b35fda9f280aebaa51cd2
392202 2412e5aea879ef912e9456b7b22b4c51
392202 789121
392202 3647
392202 c280195e44d78284e126d4823b28d80b
392202 285330
392202 e4151a7076651237895e0785fb4064a0
392202 fad7fe5d53359e0a27f9af156f2b95bd
392202 27349
392202 3388945
392202 285392
392202 150959166eaa6c0ad78f85c408c27bfe
392202 e081856f3a34fa9ceac52372dc4b09f6
392202 289087
392202 3146726
392202 53414
392202 285403
20151 20159
20151 107821
20151 107818
20151 529358
20151 528933
20151 263693
20151 20144
20151 529398
20151 20157
20151 250292
20151 20155
20151 107917
20151 20148
20151 20149
20151 263688
20151 93288
20151 14007
20151 20165
20151 529582
20151 20152
263697 263685
263697 263703
263697 201333
263697 3379566
263697 107818
263697 263693
263697 4616
263697 20292
263697 263707
263697 263698
263697 392221
263697 392200
263697 263690
263697 50992
263697 263688
263697 69cd42cf0c872939592c4d5c20534c8a
263697 20187
263697 20288
263697 57
263697 862f2196f676ac046c575570c209b992
250073 147538
250073 907
250073 920
250073 250290
250073 523785
250073 3379566
250073 250072
250073 33986
250073 80574
250073 185988
250073 161976
250073 391955
250073 33010
250073 250292
250073 85917
250073 3683423
250073 250074
250073 20222
250073 804906
250073 129694
30992 528937
30992 528929
30992 528899
30992 528914
30992 528933
30992 528930
30992 201759
30992 528920
30992 528922
30992 523799
30992 528911
30992 20149
30992 528925
30992 528915
30992 201753
30992 528891
30992 528919
30992 528928
30992 528869
30992 528921
457948 1279649
457948 2563
457948 1279644
457948 541515
457948 57668
457948 57692
457948 2530504
457948 1279646
457948 1279645
457948 1279652
457948 541091
457948 523982
457948 71455
457948 1279692
457948 1279651
457948 408364
457948 1279650
457948 1279648
457948 1279647
20281 107949
20281 392152
20281 20274
20281 20278
20281 20276
20281 529358
20281 20279
20281 20272
20281 20254
20281 20282
20281 107893
20281 20271
20281 392245
20281 33041
20281 93288
20281 63316
20281 107899
20281 57704
20281 20286
20281 20285
20395 20392
20395 20402
20395 63729
20395 20373
20395 529145
20395 20398
20395 9997
20395 20408
20395 529202
20395 107930
20395 20390
20395 20400
20395 107890
20395 392126
20395 263665
20395 132032
20395 20405
20395 20406
20395 263711
20395 20396
529200 631dea7fa1a6e2984bf725721de07b3c
529200 799dded2ee7d99894a2a517d8a9ad30c
529200 3676101
529200 55136458990b35fda9f280aebaa51cd2
529200 27358
529200 3379566
529200 529201
529200 3647
529200 27359
529200 c280195e44d78284e126d4823b28d80b
529200 285330
529200 e4151a7076651237895e0785fb4064a0
529200 529202
529200 192990
529200 285392
529200 529199
529200 285403
529200 529203
529200 529198
529200 529197
20515 263685
20515 107888
20515 107892
20515 20523
20515 63470
20515 63483
20515 20519
20515 529348
20515 20517
20515 63327
20515 20513
20515 63725
20515 20528
20515 523798
20515 20521
20515 63474
20515 107943
20515 20526
20515 20509
20515 107094
528923 2860
528923 528926
528923 24151
528923 3379566
528923 384353
528923 140232
528923 528920
528923 528922
528923 80724
528923 20621
528923 23800
528923 34091
528923 5298
528923 2450332
528923 528925
528923 569541
528923 3146726
528923 528924
528923 20661
528923 528921
541526 384353
541526 523982
541526 408364
541526 541524
541526 1279653
541526 1279655
541526 541523
541526 541525
541526 541527
541526 3379566
541526 523984
541526 71455
541526 1279654
541526 1279652
541526 541528
541526 1279656
541526 57692
541526 541529
541526 23800
541526 457948
392145 392140
392145 27317
392145 799dded2ee7d99894a2a517d8a9ad30c
392145 3676101
392145 55136458990b35fda9f280aebaa51cd2
392145 392138
392145 3379566
392145 3647
392145 c280195e44d78284e126d4823b28d80b
392145 285330
392145 e4151a7076651237895e0785fb4064a0
392145 392148
392145 fad7fe5d53359e0a27f9af156f2b95bd
392145 299524
392145 285392
392145 150959166eaa6c0ad78f85c408c27bfe
392145 392142
392145 392150
392145 285403
392145 3389210
285392 d41fdd3a681500a11fcc7ee8cc9f7323
285392 3704767
285392 c3ccb425706b2a7a786f6e27355df6d4
285392 fc592b5a831cbf675a0cf383d3023e16
285392 5664
285392 c280195e44d78284e126d4823b28d80b
285392 26186
285392 20423
285392 b26282d7a034ce03d759b0063a0d46b4
285392 fc954c5bd52fca4cab9408037b48d98f
285392 75d9fc532712843527f5b4216569ca0b
285392 329b7c1837b0560f81be32bbbc9c10db
285392 826194
285392 c8a2808f43629e8f17c957c67aaf9555
285392 27720
285392 39578
285392 5b6a5034e14d18566f2195505f2fe6cf
285392 3672933
285392 317730b3d0fb55571658b73ab169c5b9
285392 397901
63996 20083
63996 967
63996 20206
63996 20392
63996 20148
63996 20576
63996 20326
63996 20454
63996 20272
63996 20513
63996 20674
63996 20634
63996 20632
63996 20390
63996 20636
63996 20075
63996 20271
63996 20077
63996 20574
63996 20578
28603 28585
28603 28591
28603 28586
28603 28606
28603 7630
28603 28605
28603 28583
28603 28596
28603 28602
28603 28588
28603 28589
28603 28590
28603 28608
28603 28584
28603 28592
28603 28607
28603 9920
28603 28587
28603 76732
28603 28595
107926 20326
107926 20210
107926 20329
107926 20581
107926 20206
107926 20676
107926 20272
107926 20517
107926 20454
107926 20579
107926 20149
107926 20390
107926 20271
107926 20087
107926 20515
107926 974
107926 20075
107926 20509
107926 20574
107926 20396
529976 321245
529976 529920
529976 529977
529976 cf03b673d7594cca37da87122bcb47b7
529976 3676101
529976 20627
529976 3379566
529976 529973
529976 3647
529976 529975
529976 20254
529976 529906
529976 529940
529976 529949
529976 20224
529976 529974
529976 529979
529976 529978
529976 20509
529976 20574
20286 392152
20286 20274
20286 20278
20286 20276
20286 20281
20286 528956
20286 263693
20286 20279
20286 530989
20286 20272
20286 392231
20286 263723
20286 529169
20286 392221
20286 20282
20286 250073
20286 20271
20286 392228
20286 528928
20286 529965
901 529157
901 20210
901 530981
901 20214
901 531075
901 578435
901 531074
901 20206
901 529201
901 530504
901 20216
901 529398
901 530429
901 529240
901 529195
901 20208
901 529568
901 20212
901 530498
901 529582
20064 20083
20064 529924
20064 20085
20064 529156
20064 529372
20064 529301
20064 530515
20064 541592
20064 530245
20064 529402
20064 529145
20064 530494
20064 20075
20064 20089
20064 20091
20064 529200
20064 20077
20064 20087
20064 530282
20064 530397
20517 64291
20517 107821
20517 528983
20517 20523
20517 529891
20517 20519
20517 107937
20517 529176
20517 107919
20517 20513
20517 63998
20517 529571
20517 20528
20517 20515
20517 20521
20517 63474
20517 107822
20517 20526
20517 107948
20517 20509
20144 20159
20144 392161
20144 528929
20144 392175
20144 20151
20144 529975
20144 392231
20144 20157
20144 392182
20144 20155
20144 20148
20144 20149
20144 392200
20144 530083
20144 528900
20144 529923
20144 263711
20144 392187
20144 528921
20144 20152
20335 201770
20335 20326
20335 107814
20335 20329
20335 20340
20335 77027
20335 263693
20335 20333
20335 107898
20335 201759
20335 20337
20335 20343
20335 530068
20335 20339
20335 529949
20335 529988
20335 107939
20335 250297
20335 523798
20335 20331
977 529861
977 529560
977 530216
977 528903
977 529986
977 967
977 529588
977 529943
977 529376
977 978
977 529014
977 529396
977 530105
977 528908
977 529561
977 980
977 983
977 974
977 968
977 578434
968 63729
968 107892
968 967
968 978
968 64293
968 107816
968 392129
968 530400
968 107935
968 980
968 983
968 4467
968 250074
968 132032
968 530960
968 974
968 392238
968 977
968 4455
968 204711
529402 20151
529402 529138
529402 20276
529402 529200
529402 529173
529402 529580
529402 529201
529402 529603
529402 529171
529402 529176
529402 529169
529402 529195
529402 529168
529402 529178
529402 529177
529402 529203
529402 529194
529402 20578
529402 529197
529402 529188
824 107891
824 20212
824 18759
824 107934
824 107935
824 20405
824 107916
824 974
824 20216
824 107926
824 20582
824 20464
824 20400
824 17598
824 20678
824 20075
824 20271
824 20343
824 20214
824 20574
76732 28585
76732 28591
76732 28586
76732 28606
76732 7630
76732 28605
76732 28583
76732 28596
76732 28602
76732 28588
76732 28589
76732 28590
76732 28608
76732 28603
76732 28584
76732 28592
76732 28607
76732 9920
76732 28587
76732 28595
20152 20159
20152 20151
20152 530945
20152 263680
20152 9997
20152 20144
20152 20157
20152 107931
20152 20155
20152 20148
20152 20149
20152 107893
20152 107920
20152 107935
20152 107889
20152 14007
20152 201775
20152 392235
20152 20165
20152 107094
20581 107896
20581 20584
20581 107936
20581 9997
20581 20576
20581 20582
20581 64293
20581 107933
20581 528922
20581 20579
20581 25663
20581 20587
20581 530248
20581 60514
20581 63998
20581 528924
20581 107948
20581 107925
20581 20574
20581 20578
20282 63319
20282 107887
20282 528903
20282 20274
20282 20278
20282 20276
20282 20281
20282 20279
20282 107926
20282 20272
20282 392240
20282 107807
20282 20254
20282 20271
20282 528954
20282 20286
20282 20285
20282 392242
20282 107925
20282 107924
1279655 378247
1279655 541537
1279655 541538
1279655 541541
1279655 57692
1279655 523984
1279655 1279654
1279655 d4dc5cd2b911c1dff6a327245a005b55
1279655 541546
1279655 541544
1279655 457948
1279655 523982
1279655 541543
1279655 71455
1279655 1279656
1279655 541539
1279655 408364
1279655 541536
1279655 541540
1279655 541562
38422 106126
38422 63469
38422 92637
38422 99542
38422 63327
38422 c0aabe5eb56f92d8b110502cf78e8e9c
38422 13080
38422 7e94481ed0bd77c61ff266a4ce48b0c2
38422 127230
38422 38308
38422 2477
38422 74212
38422 107940
38422 127621
38422 54914
38422 942faeeb1c9db83d9e20ec4cd3de8c3b
38422 3712483
38422 8a1db951b02f140de5511345aae3c3da
38422 854a2644197d9e3b439b9d4c81454c0b
38422 3473
28589 28585
28589 28591
28589 28586
28589 28606
28589 7630
28589 28605
28589 28583
28589 28596
28589 28602
28589 28588
28589 28590
28589 28608
28589 28603
28589 28584
28589 28592
28589 28607
28589 9920
28589 28587
28589 76732
28589 28595
20094 529554
20094 201756
20094 201334
20094 20077
20094 530518
20094 528406
20094 392166
20094 392157
20094 20091
20094 20083
20094 529561
20094 20089
20094 530444
20094 20087
20094 392142
20094 528917
20094 20085
20094 529923
20094 530974
20094 20075
107891 263685
107891 107916
107891 107888
107891 107892
107891 20395
107891 20281
107891 107818
107891 107926
107891 107893
107891 74212
107891 26755
107891 107890
107891 20089
107891 107889
107891 20087
107891 107894
107891 107934
107891 20331
107891 20075
107891 20578
20390 529193
20390 20392
20390 392202
20390 20402
20390 107821
20390 201334
20390 20395
20390 20398
20390 107818
20390 107926
20390 392214
20390 107933
20390 107945
20390 20400
20390 392171
20390 20405
20390 530000
20390 107093
20390 20406
20390 20396
541529 1279655
541529 541527
541529 541526
541529 3379566
541529 541533
541529 384353
541529 57692
541529 523984
541529 1279654
541529 1279652
541529 23800
541529 457948
541529 541532
541529 523982
541529 1279653
541529 71455
541529 541528
541529 1279656
541529 408364
541529 541531
529397 183779
529397 799dded2ee7d99894a2a517d8a9ad30c
529397 3676101
529397 55136458990b35fda9f280aebaa51cd2
529397 3379566
529397 578435
529397 3647
529397 c280195e44d78284e126d4823b28d80b
529397 529399
529397 285330
529397 529398
529397 e4151a7076651237895e0785fb4064a0
529397 27343
529397 529396
529397 529401
529397 285392
529397 150959166eaa6c0ad78f85c408c27bfe
529397 285403
529397 578434
529397 4730a488f2a4dd8467083179e2bff153
63998 967
63998 20206
63998 20392
63998 20148
63998 20576
63998 20326
63998 20676
63998 20454
63998 20149
63998 20272
63998 974
63998 20513
63998 20632
63998 20208
63998 20390
63998 20636
63998 20075
63998 20271
63998 968
63998 20574
1279654 1279655
1279654 541527
1279654 541526
1279654 378247
1279654 541535
1279654 541533
1279654 57692
1279654 523984
1279654 11555adcdf0693d69a03b20570d20c0e
1279654 457948
1279654 541532
1279654 523982
1279654 1279653
1279654 541525
1279654 71455
1279654 541528
1279654 408364
1279654 541529
1279654 541531
1279654 541534
20087 528903
20087 20077
20087 528927
20087 392224
20087 201759
20087 20091
20087 20083
20087 392164
20087 392129
20087 388185
20087 20089
20087 523798
20087 529166
20087 20094
20087 20085
20087 528919
20087 392235
20087 20075
20087 528869
20087 529887
529586 799dded2ee7d99894a2a517d8a9ad30c
529586 3676101
529586 55136458990b35fda9f280aebaa51cd2
529586 529587
529586 3379566
529586 529588
529586 3647
529586 c280195e44d78284e126d4823b28d80b
529586 285330
529586 e4151a7076651237895e0785fb4064a0
529586 529598
529586 fad7fe5d53359e0a27f9af156f2b95bd
529586 192990
529586 285392
529586 150959166eaa6c0ad78f85c408c27bfe
529586 529583
529586 821fbf8dc4fdf20f7179de8888d02a32
529586 285403
529586 529584
529586 529582
974 967
974 392224
974 978
974 107917
974 263697
974 107945
974 107939
974 263690
974 263716
974 392142
974 33041
974 980
974 983
974 14007
974 4467
974 824
974 968
974 977
974 96168
974 4455
120016 c8f22b0d4ff331aa9924fb3e525d6f45
120016 25521
120016 65514
120016 250290
120016 320878
120016 20395
120016 528956
120016 20077
120016 6d703d2131c9a3112b08270a7f1d0014
120016 20121
120016 c1bbb6f56122901364dfe2ec7aa15a12
120016 20513
120016 c2883abf9f970ef98b9b8510165d0e71
120016 803dc643860ad3bd61ad42607a23577b
120016 37852
120016 72661
120016 3148428
120016 43897
120016 528923
120016 24478
18582 107887
18582 392202
18582 263680
18582 18855
18582 18898
18582 20632
18582 107926
18582 201759
18582 18759
18582 107816
18582 250292
18582 530280
18582 19110
18582 17598
18582 388013
18582 20634
18582 392245
18582 107817
18582 20636
18582 204711
529145 20159
529145 521463
529145 529138
529145 578436
529145 529143
529145 529576
529145 529603
529145 978
529145 529136
529145 25663
529145 529561
529145 529148
529145 529581
529145 529558
529145 529583
529145 529605
529145 529556
529145 529582
529145 529198
529145 20396
20091 530502
20091 529187
20091 529927
20091 204718
20091 529196
20091 529236
20091 392131
20091 20077
20091 523794
20091 201785
20091 529396
20091 20083
20091 528883
20091 528697
20091 528939
20091 20089
20091 20087
20091 20094
20091 20085
20091 20075
529924 529926
529924 529927
529924 799dded2ee7d99894a2a517d8a9ad30c
529924 3389838
529924 3676101
529924 55136458990b35fda9f280aebaa51cd2
529924 27358
529924 3379566
529924 3647
529924 c280195e44d78284e126d4823b28d80b
529924 285330
529924 e4151a7076651237895e0785fb4064a0
529924 529925
529924 fad7fe5d53359e0a27f9af156f2b95bd
529924 529921
529924 529922
529924 285392
529924 150959166eaa6c0ad78f85c408c27bfe
529924 529923
529924 285403
20632 64291
20632 530412
20632 90299
20632 201334
20632 18855
20632 18898
20632 201759
20632 18759
20632 107930
20632 63974
20632 19110
20632 17598
20632 20634
20632 14007
20632 63474
20632 63724
20632 20636
20632 578406
20632 529962
20632 18582
20329 201762
20329 20326
20329 89649
20329 20340
20329 20333
20329 107926
20329 201759
20329 20337
20329 20343
20329 107923
20329 20339
20329 107820
20329 60514
20329 20335
20329 107811
20329 523798
20329 63723
20329 20331
20329 63722
20329 107924
107950 107949
107950 20326
107950 90299
107950 107916
107950 107951
107950 20373
107950 63470
107950 107926
107950 20171
107950 64293
107950 20695
107950 107815
107950 64294
107950 63728
107950 20212
107950 93288
107950 107822
107950 107934
107950 107948
107950 20125
63319 20083
63319 967
63319 20395
63319 20392
63319 20576
63319 20151
63319 20144
63319 20454
63319 20335
63319 977
63319 20579
63319 20329
63319 20331
63319 20075
63319 20271
63319 20581
63319 968
63319 18582
63319 20214
63319 20578
20222 529244
20222 530527
20222 20210
20222 530413
20222 530241
20222 20214
20222 20206
20222 529309
20222 529270
20222 20216
20222 529576
20222 529388
20222 20208
20222 529570
20222 529010
20222 20212
20222 529343
20222 529556
20222 529267
20222 529305
28588 28585
28588 28591
28588 28586
28588 28606
28588 7630
28588 28605
28588 28583
28588 28596
28588 28602
28588 28589
28588 28590
28588 28608
28588 28603
28588 28584
28588 28592
28588 28607
28588 9920
28588 28587
28588 76732
28588 28595
529191 529193
529191 799dded2ee7d99894a2a517d8a9ad30c
529191 529189
529191 3676101
529191 55136458990b35fda9f280aebaa51cd2
529191 3379566
529191 3647
529191 c280195e44d78284e126d4823b28d80b
529191 285330
529191 487082
529191 e4151a7076651237895e0785fb4064a0
529191 27349
529191 285392
529191 150959166eaa6c0ad78f85c408c27bfe
529191 529192
529191 1440822
529191 285403
529191 529190
529191 529194
529191 529188
529166 39375
529166 529119
529166 799dded2ee7d99894a2a517d8a9ad30c
529166 3676101
529166 529138
529166 55136458990b35fda9f280aebaa51cd2
529166 3379566
529166 3647
529166 c280195e44d78284e126d4823b28d80b
529166 285330
529166 e4151a7076651237895e0785fb4064a0
529166 529169
529166 529168
529166 529139
529166 235629
529166 41710
529166 285392
529166 529167
529166 285403
529166 286042
523982 ea0eed0c717a965d6bb26ad099cefdd6
523982 1279657
523982 1279655
523982 57692
523982 523984
523982 1279659
523982 1279662
523982 2530504
523982 457948
523982 1279653
523982 71455
523982 b810709f6d3d7ba58365a53699259e59
523982 1279656
523982 1279661
523982 408364
523982 303810
523982 1279660
523982 1279658
90299 20468
90299 20167
90299 20581
90299 20281
90299 20064
90299 967
90299 20099
90299 20589
90299 20411
90299 20254
90299 20083
90299 20155
90299 20493
90299 20335
90299 20089
90299 20528
90299 20087
90299 20165
90299 18582
90299 20574
28585 28591
28585 28586
28585 28606
28585 7630
28585 28605
28585 28583
28585 28596
28585 28602
28585 28588
28585 28589
28585 28590
28585 28608
28585 28603
28585 28584
28585 28592
28585 28607
28585 9920
28585 28587
28585 76732
28585 28595
391980 799dded2ee7d99894a2a517d8a9ad30c
391980 391975
391980 3676101
391980 55136458990b35fda9f280aebaa51cd2
391980 3389208
391980 3379566
391980 392124
391980 3647
391980 c280195e44d78284e126d4823b28d80b
391980 285330
391980 e4151a7076651237895e0785fb4064a0
391980 391966
391980 fad7fe5d53359e0a27f9af156f2b95bd
391980 27305
391980 392129
391980 391971
391980 285392
391980 150959166eaa6c0ad78f85c408c27bfe
391980 392126
391980 285403
20458 107896
20458 20455
20458 20468
20458 20463
20458 20464
20458 107818
20458 20461
20458 64293
20458 20454
20458 107923
20458 529863
20458 107945
20458 528480
20458 107893
20458 107811
20458 20466
20458 132032
20458 528954
20458 107094
20458 20456
89649 20563
89649 20498
89649 20329
89649 20464
89649 20065
89649 20523
89649 20471
89649 20615
89649 1001
89649 20605
89649 24486
89649 20297
89649 2340
89649 20400
89649 20384
89649 17027
89649 419424
89649 20613
89649 20473
89649 51177
20636 107932
20636 18855
20636 18898
20636 20632
20636 107922
20636 18759
20636 392182
20636 107897
20636 107820
20636 392233
20636 19110
20636 17598
20636 107889
20636 20634
20636 263665
20636 392136
20636 107894
20636 107094
20636 18582
20636 461056
1279653 378247
1279653 541515
1279653 57692
1279653 523984
1279653 1279654
1279653 541522
1279653 1279652
1279653 457948
1279653 541519
1279653 523982
1279653 541518
1279653 71455
1279653 541516
1279653 541523
1279653 541521
1279653 541520
1279653 408364
1279653 541517
1279653 d2f89f35bb342beb20d4c42e1b7adf8f
1279653 541524
20464 63319
20464 20455
20464 107916
20464 20468
20464 20463
20464 529201
20464 20461
20464 107807
20464 20454
20464 107933
20464 63725
20464 20458
20464 107942
20464 14007
20464 20466
20464 528928
20464 107948
20464 107921
20464 63975
20464 20456
332324 139957
332324 64195
332324 384353
332324 324977
332324 105380
332324 149891
332324 62837
332324 782657
332324 128494
332324 23800
332324 7460
332324 108455
332324 120294
332324 7523
332324 86717
332324 3146726
332324 51910
332324 140468
332324 31229
20085 201770
20085 20077
20085 528860
20085 20095
20085 392166
20085 107918
20085 392148
20085 20091
20085 20083
20085 107897
20085 20089
20085 20087
20085 392228
20085 208928
20085 20094
20085 132032
20085 230918
20085 529562
20085 263711
20085 20075
107949 20552
107949 20455
107949 90299
107949 107916
107949 89649
107949 107951
107949 20298
107949 20281
107949 63470
107949 107926
107949 20519
107949 64293
107949 64294
107949 63728
107949 93288
107949 19988
107949 107950
107949 20123
107949 107934
107949 107948
530245 799dded2ee7d99894a2a517d8a9ad30c
530245 3676101
530245 55136458990b35fda9f280aebaa51cd2
530245 3379566
530245 a0860a6cd848cb65fbc8fe34d473ef85
530245 530244
530245 530243
530245 3647
530245 c280195e44d78284e126d4823b28d80b
530245 285330
530245 e4151a7076651237895e0785fb4064a0
530245 953eea02fbf04b684af42d150aa14be0
530245 530248
530245 530249
530245 285392
530245 150959166eaa6c0ad78f85c408c27bfe
530245 5d04c9ffbefafb74d03a6a5e1fd91e21
530245 530242
530245 530247
530245 285403
107945 20584
107945 107916
107945 89649
107945 20278
107945 20281
107945 63470
107945 107946
107945 107926
107945 4468
107945 64293
107945 63728
107945 20458
107945 107942
107945 93288
107945 20466
107945 974
107945 107943
107945 107934
107945 107948
107945 4455
20326 64291
20326 107949
20326 90299
20326 392161
20326 20329
20326 204718
20326 20340
20326 20333
20326 107926
20326 20337
20326 20343
20326 392173
20326 20339
20326 20335
20326 107890
20326 250074
20326 107950
20326 107943
20326 20331
20326 530013
541523 1279655
541523 541526
541523 3379566
541523 384353
541523 57692
541523 523984
541523 1279654
541523 541522
541523 1279652
541523 23800
541523 457948
541523 523982
541523 1279653
541523 541525
541523 71455
541523 1279651
541523 541521
541523 541520
541523 408364
541523 541524
20083 529861
20083 528937
20083 530944
20083 20077
20083 528866
20083 529143
20083 530943
20083 392166
20083 20091
20083 529577
20083 20089
20083 528925
20083 20087
20083 20094
20083 20085
20083 392136
20083 528888
20083 20075
20083 529389
20083 529194
20392 20402
20392 20373
20392 107892
20392 20395
20392 20398
20392 63470
20392 20408
20392 107933
20392 20390
20392 74212
20392 20400
20392 63725
20392 63326
20392 93288
20392 530364
20392 20405
20392 107822
20392 20406
20392 63975
20392 20396
20333 20326
20333 20329
20333 20340
20333 20344
20333 17601
20333 20337
20333 529603
20333 64293
20333 13080
20333 20343
20333 187153
20333 20339
20333 392164
20333 20335
20333 33041
20333 392150
20333 63726
20333 63723
20333 530309
20333 20331
20216 529333
20216 529119
20216 529739
20216 20210
20216 529145
20216 529236
20216 20214
20216 20206
20216 541515
20216 529939
20216 530503
20216 530429
20216 529001
20216 529388
20216 20208
20216 529306
20216 529600
20216 529558
20216 20212
20216 529582
20095 529358
20095 20077
20095 528995
20095 529330
20095 528577
20095 20091
20095 528880
20095 20083
20095 529168
20095 20089
20095 530126
20095 20087
20095 392171
20095 20094
20095 20085
20095 529923
20095 392194
20095 529203
20095 20075
20095 201772
530000 529870
530000 799dded2ee7d99894a2a517d8a9ad30c
530000 3389838
530000 529997
530000 3676101
530000 55136458990b35fda9f280aebaa51cd2
530000 3379566
530000 530001
530000 3647
530000 c280195e44d78284e126d4823b28d80b
530000 529999
530000 529998
530000 285330
530000 e4151a7076651237895e0785fb4064a0
530000 fad7fe5d53359e0a27f9af156f2b95bd
530000 6eda99749ace6ba16dd2b486ad187dd5
530000 529871
530000 285392
530000 150959166eaa6c0ad78f85c408c27bfe
530000 285403
250297 907
250297 43092
250297 33804
250297 250290
250297 391975
250297 3379566
250297 20064
250297 32562
250297 804739
250297 20136
250297 20135
250297 391966
250297 250292
250297 391971
250297 20335
250297 924
250297 72661
250297 391961
250297 20166
250297 20189
103193 392152
103193 20672
103193 392202
103193 392161
103193 250290
103193 c495480633846f5cd2f3b77eff0e768b
103193 328009
103193 388182
103193 8222116b9e8db4e41aacfc901d33d9aa
103193 2439601
103193 4649
103193 7769695
103193 502208
103193 392157
103193 76431eda49018424e6d6b70425e3a690
103193 2295
103193 388183
103193 419494
103193 29063
103193 20165
529649 529645
529649 529720
529649 529648
529649 530962
529649 3676101
529649 20196
529649 530963
529649 529727
529649 20267
529649 530977
529649 530982
529649 530959
529649 530367
529649 529726
529649 529647
529649 27299
529649 530380
529649 20228
529649 529751
529649 530370
28590 28585
28590 28591
28590 28586
28590 28606
28590 7630
28590 28605
28590 28583
28590 28596
28590 28602
28590 28588
28590 28589
28590 28608
28590 28603
28590 28584
28590 28592
28590 28607
28590 9920
28590 28587
28590 76732
28590 28595
28592 28585
28592 28591
28592 28586
28592 28606
28592 7630
28592 28605
28592 28583
28592 28596
28592 28602
28592 28588
28592 28589
28592 28590
28592 28608
28592 28603
28592 28584
28592 28607
28592 9920
28592 28587
28592 76732
28592 28595
392159 392152
392159 231810
392159 20584
392159 392155
392159 392161
392159 20274
392159 204718
392159 77027
392159 392157
392159 528911
392159 392164
392159 263697
392159 17598
392159 528925
392159 392228
392159 523796
392159 528923
392159 983
392159 20094
392159 20521
17598 392202
17598 107819
17598 107892
17598 18855
17598 18898
17598 20632
17598 107926
17598 18759
17598 332324
17598 20587
17598 107893
17598 19110
17598 107889
17598 20634
17598 208928
17598 824
17598 107948
17598 107093
17598 20636
17598 18582
1279656 1279657
1279656 1279655
1279656 541563
1279656 541572
1279656 378247
1279656 541564
1279656 541566
1279656 57692
1279656 523984
1279656 457948
1279656 523982
1279656 541565
1279656 71455
1279656 541573
1279656 408364
1279656 541567
1279656 eeb50f564b9e45bfae491a781e42c12a
1279656 541571
1279656 541568
1279656 541569
529330 529333
529330 3676101
529330 55136458990b35fda9f280aebaa51cd2
529330 529383
529330 3379566
529330 359092
529330 321344
529330 3647
529330 c280195e44d78284e126d4823b28d80b
529330 285330
529330 e4151a7076651237895e0785fb4064a0
529330 27348
529330 27349
529330 ff10055d399f1068a1f3d2082c42f2f8
529330 285392
529330 529384
529330 529331
529330 1589438
529330 529386
529330 529332
392126 392133
392126 392129
392126 789121
392126 3647
392126 c280195e44d78284e126d4823b28d80b
392126 3379566
392126 285330
392126 392124
392126 799dded2ee7d99894a2a517d8a9ad30c
392126 391980
392126 391975
392126 285403
392126 3676101
392126 55136458990b35fda9f280aebaa51cd2
392126 e4151a7076651237895e0785fb4064a0
392126 3389208
392126 285392
392126 392131
392126 150959166eaa6c0ad78f85c408c27bfe
392126 fad7fe5d53359e0a27f9af156f2b95bd
529567 529559
529567 529560
529567 799dded2ee7d99894a2a517d8a9ad30c
529567 3676101
529567 55136458990b35fda9f280aebaa51cd2
529567 3379566
529567 3647
529567 c280195e44d78284e126d4823b28d80b
529567 285330
529567 173016
529567 529569
529567 e4151a7076651237895e0785fb4064a0
529567 fad7fe5d53359e0a27f9af156f2b95bd
529567 192990
529567 529570
529567 285392
529567 529568
529567 150959166eaa6c0ad78f85c408c27bfe
529567 529558
529567 285403
529372 799dded2ee7d99894a2a517d8a9ad30c
529372 3676101
529372 55136458990b35fda9f280aebaa51cd2
529372 3379566
529372 529378
529372 529373
529372 789121
529372 3647
529372 c280195e44d78284e126d4823b28d80b
529372 529376
529372 285330
529372 529369
529372 e4151a7076651237895e0785fb4064a0
529372 fad7fe5d53359e0a27f9af156f2b95bd
529372 529370
529372 285392
529372 150959166eaa6c0ad78f85c408c27bfe
529372 529359
529372 285403
529372 18e1c81ac539447e72d17f9680147f5a
529571 799dded2ee7d99894a2a517d8a9ad30c
529571 3676101
529571 55136458990b35fda9f280aebaa51cd2
529571 3379566
529571 529575
529571 3647
529571 c280195e44d78284e126d4823b28d80b
529571 529576
529571 285330
529571 529569
529571 529573
529571 e4151a7076651237895e0785fb4064a0
529571 fad7fe5d53359e0a27f9af156f2b95bd
529571 192990
529571 27321
529571 529570
529571 285392
529571 529568
529571 150959166eaa6c0ad78f85c408c27bfe
529571 285403
20400 107887
20400 20392
20400 107896
20400 20402
20400 523785
20400 201333
20400 20395
20400 20398
20400 107818
20400 107812
20400 392221
20400 20390
20400 529902
20400 107893
20400 528900
20400 20405
20400 530143
20400 578434
20400 20406
20400 20396
392129 799dded2ee7d99894a2a517d8a9ad30c
392129 391980
392129 3676101
392129 55136458990b35fda9f280aebaa51cd2
392129 392133
392129 3389208
392129 392131
392129 3379566
392129 392124
392129 3647
392129 c280195e44d78284e126d4823b28d80b
392129 27309
392129 285330
392129 e4151a7076651237895e0785fb4064a0
392129 fad7fe5d53359e0a27f9af156f2b95bd
392129 285392
392129 150959166eaa6c0ad78f85c408c27bfe
392129 392126
392129 392136
392129 285403
28596 28585
28596 28591
28596 28586
28596 28606
28596 7630
28596 28605
28596 28583
28596 28602
28596 28588
28596 28589
28596 28590
28596 28608
28596 28603
28596 28584
28596 28592
28596 28607
28596 9920
28596 28587
28596 76732
28596 28595
529383 799dded2ee7d99894a2a517d8a9ad30c
529383 3676101
529383 55136458990b35fda9f280aebaa51cd2
529383 3379566
529383 803603
529383 321344
529383 3647
529383 c280195e44d78284e126d4823b28d80b
529383 285330
529383 529330
529383 e4151a7076651237895e0785fb4064a0
529383 27348
529383 529388
529383 ff10055d399f1068a1f3d2082c42f2f8
529383 285392
529383 529384
529383 529331
529383 529386
529383 285403
529383 529332
20149 20159
20149 250290
20149 20151
20149 20144
20149 187684
20149 392240
20149 392214
20149 530009
20149 530515
20149 20157
20149 529176
20149 20155
20149 20148
20149 391971
20149 263719
20149 132032
20149 230918
20149 528892
20149 20152
20149 529194
3379566 578401
3379566 23585
3379566 578403
3379566 578424
3379566 57692
3379566 ab29b5fb928f9355bfec1b892e20e681
3379566 1279739
3379566 9a76ebfc9404f3056f9af3491322480e
3379566 1279518
3379566 1279653
3379566 4de14b1d9b14e8e270903ee426df41b3
3379566 eedeed85366cf57e4701185f24b7ab32
3379566 1279542
3379566 57686
3379566 578399
3379566 5ab8f6d4827863a0db6101c7c9b24512
3379566 57684
3379566 578400
3379566 2462207
3379566 57683
57692 3c3850de293ad302fb233133be262ad2
57692 972ef3cb02caa83ce60d71bc15ada0b5
57692 317d438147b0e6e202f4e81592ab6d46
57692 fc59c477cadee1f59dedaf5de24f6d87
57692 3e701a3dbb001eab6c3f3d9392d90bc6
57692 b667ebbc658f843054fcae17bbab56ae
57692 4c73fe91fd0fe31f30e25cafbd4796c1
57692 de1f2cef71915358ee525e13fb5f565e
57692 708921ade7e51efc9a54e18bc4de1a47
57692 ec0a999ceaaff5f994526fe0c66b0367
57692 541091
57692 71455
57692 408364
57692 3146726
57692 2462207
57692 57683
57692 9bffed9c1d1ce2ffb94f0caac470016c
529119 529138
529119 ef6cbfb7ff6b3d8b8b76c39afb1765d5
529119 3379566
529119 20281
529119 384353
529119 129093
529119 117269
529119 a47aa088dd4a0f0e9c3b2c51dae5ee2b
529119 33743
529119 529136
529119 7c2b115a9ece463e2fe88f974a4359a1
529119 23800
529119 529168
529119 529139
529119 27738
529119 529166
529119 408364
529119 529167
529119 853
529119 116974
63483 20083
63483 20395
63483 20206
63483 20148
63483 20576
63483 20085
63483 20455
63483 20144
63483 20676
63483 20454
63483 974
63483 20208
63483 20390
63483 20636
63483 20075
63483 20274
63483 18582
63483 20456
63483 20574
63483 20515
20212 529250
20212 528881
20212 20210
20212 528698
20212 531073
20212 20214
20212 528865
20212 20206
20212 529348
20212 20216
20212 528577
20212 529397
20212 20208
20212 528597
20212 529600
20212 529170
20212 528892
20212 20222
20212 529584
20212 529012
250072 b8ccfbb1b9a45c07b996d607cd70d5b3
250072 23315
250072 250290
250072 523785
250072 20257
250072 3379566
250072 69985
250072 20064
250072 20181
250072 384353
250072 391955
250072 23800
250072 243855
250072 ff1fe165c32e9ec7f59e07d158914dfb
250072 250073
250072 107890
250072 145202
250072 505938
250072 250074
250072 3146726
20157 20159
20157 529013
20157 107814
20157 20151
20157 107892
20157 392131
20157 20144
20157 332324
20157 187153
20157 20155
20157 20148
20157 392164
20157 20149
20157 107815
20157 392169
20157 263665
20157 107894
20157 20165
20157 392178
20157 20152
20444 20455
20444 20463
20444 528937
20444 263703
20444 20464
20444 187684
20444 20461
20444 20454
20444 332324
20444 461051
20444 392200
20444 531070
20444 392233
20444 250073
20444 529600
20444 20458
20444 20466
20444 201436
20444 20456
20444 201772
20405 20392
20405 231810
20405 20402
20405 528868
20405 201334
20405 20395
20405 20398
20405 530518
20405 107922
20405 530361
20405 20390
20405 107815
20405 20400
20405 107889
20405 523788
20405 14007
20405 530396
20405 107921
20405 20406
20405 20396
530527 529158
530527 799dded2ee7d99894a2a517d8a9ad30c
530527 3676101
530527 55136458990b35fda9f280aebaa51cd2
530527 3379566
530527 27304
530527 3647
530527 c280195e44d78284e126d4823b28d80b
530527 285330
530527 530524
530527 e4151a7076651237895e0785fb4064a0
530527 530522
530527 27305
530527 529163
530527 285392
530527 530525
530527 e65c668cee00626cab734e05aa4d3892
530527 285403
530527 286042
530527 529159
20691 20672
20691 392202
20691 20674
20691 528903
20691 20680
20691 392138
20691 20676
20691 530943
20691 530105
20691 529555
20691 392191
20691 20684
20691 528900
20691 20688
20691 263665
20691 20682
20691 530076
20691 20678
20691 392205
20691 201772
63328 20083
63328 967
63328 20395
63328 20206
63328 20148
63328 20085
63328 20333
63328 20676
63328 20674
63328 20517
63328 20634
63328 17598
63328 20331
63328 20278
63328 20390
63328 20271
63328 20274
63328 20089
63328 20087
63328 20515
20278 529260
20278 250290
20278 20274
20278 528984
20278 20276
20278 20281
20278 20279
20278 578436
20278 20272
20278 529737
20278 530493
20278 529401
20278 530975
20278 20282
20278 530446
20278 529178
20278 20271
20278 392226
20278 201754
20278 530371
9920 28585
9920 28591
9920 28586
9920 28606
9920 7630
9920 28605
9920 28583
9920 28596
9920 28602
9920 28588
9920 28589
9920 28590
9920 28608
9920 28603
9920 28584
9920 28592
9920 28607
9920 28587
9920 76732
9920 28595
530413 530414
530413 530412
530413 799dded2ee7d99894a2a517d8a9ad30c
530413 530416
530413 3676101
530413 55136458990b35fda9f280aebaa51cd2
530413 27296
530413 3379566
530413 3647
530413 c280195e44d78284e126d4823b28d80b
530413 285330
530413 e4151a7076651237895e0785fb4064a0
530413 530415
530413 fad7fe5d53359e0a27f9af156f2b95bd
530413 530409
530413 1585211
530413 285392
530413 150959166eaa6c0ad78f85c408c27bfe
530413 530411
530413 285403
63723 20455
63723 20674
63723 20210
63723 20329
63723 20395
63723 20276
63723 20632
63723 967
63723 20272
63723 20083
63723 20149
63723 20271
63723 20634
63723 20458
63723 20085
63723 968
63723 20678
63723 20636
63723 20456
63723 20574
20210 529013
20210 529587
20210 529378
20210 20214
20210 20206
20210 20216
20210 529240
20210 529327
20210 530522
20210 528697
20210 529351
20210 529268
20210 b372668bea68281f6b330330310193b7
20210 530452
20210 20208
20210 20212
20210 529249
20210 529386
20210 20222
20210 529332
20331 20326
20331 20329
20331 20340
20331 107892
20331 529200
20331 20333
20331 20337
20331 20343
20331 530116
20331 107816
20331 392210
20331 20339
20331 107897
20331 20335
20331 263678
20331 392228
20331 132032
20331 107899
20331 107895
20331 530133
20578 187432
20578 530502
20578 529354
20578 20584
20578 391975
20578 201333
20578 263680
20578 20581
20578 20576
20578 20582
20578 392231
20578 392148
20578 263723
20578 20579
20578 25663
20578 107809
20578 20587
20578 529902
20578 201436
20578 20574
20579 20584
20579 60513
20579 201756
20579 107888
20579 20581
20579 63483
20579 20576
20579 201759
20579 529975
20579 20582
20579 25663
20579 20587
20579 21944
20579 529751
20579 528954
20579 107894
20579 96168
20579 107925
20579 20574
20579 20578
391975 799dded2ee7d99894a2a517d8a9ad30c
391975 391980
391975 3676101
391975 55136458990b35fda9f280aebaa51cd2
391975 3389208
391975 3379566
391975 349451
391975 27304
391975 392124
391975 3647
391975 c280195e44d78284e126d4823b28d80b
391975 285330
391975 e4151a7076651237895e0785fb4064a0
391975 391966
391975 27305
391975 391971
391975 285392
391975 250297
391975 392126
391975 285403
285403 20680
285403 20151
285403 20278
285403 20581
285403 20276
285403 20214
285403 20333
285403 20517
285403 978
285403 20579
285403 17598
285403 20458
285403 20087
285403 20212
285403 20085
285403 977
285403 20678
285403 18582
285403 20152
285403 20396
20075 201762
20075 530527
20075 20077
20075 392224
20075 541588
20075 392166
20075 529990
20075 20091
20075 529940
20075 20083
20075 530452
20075 20089
20075 200205
20075 20087
20075 391961
20075 392126
20075 392171
20075 20094
20075 20085
20075 201772
392219 998
392219 20159
392219 94f573024963b0cf0897be0fcffa2d2a
392219 799dded2ee7d99894a2a517d8a9ad30c
392219 3676101
392219 55136458990b35fda9f280aebaa51cd2
392219 27358
392219 55402
392219 2412e5aea879ef912e9456b7b22b4c51
392219 789121
392219 3647
392219 c280195e44d78284e126d4823b28d80b
392219 285330
392219 e4151a7076651237895e0785fb4064a0
392219 fad7fe5d53359e0a27f9af156f2b95bd
392219 20367
392219 285392
392219 150959166eaa6c0ad78f85c408c27bfe
392219 285403
392219 20125
541525 1279655
541525 541527
541525 541526
541525 3379566
541525 384353
541525 57692
541525 523984
541525 1279654
541525 541522
541525 1279652
541525 23800
541525 457948
541525 523982
541525 1279653
541525 71455
541525 541528
541525 1279656
541525 541523
541525 408364
541525 541524
20279 529250
20279 63469
20279 20274
20279 60513
20279 20278
20279 20276
20279 20281
20279 107818
20279 20272
20279 107930
20279 20282
20279 107890
20279 20271
20279 21944
20279 33041
20279 14007
20279 20286
20279 107093
20279 20285
20279 107813
20206 529001
20206 529204
20206 20212
20206 530413
20206 20210
20206 529373
20206 529571
20206 529166
20206 529383
20206 530527
20206 529119
20206 20216
20206 529397
20206 529330
20206 20208
20206 20222
20206 530516
20206 529567
20206 529240
20206 20214
529240 529244
529240 529238
529240 799dded2ee7d99894a2a517d8a9ad30c
529240 3676101
529240 55136458990b35fda9f280aebaa51cd2
529240 529243
529240 189271
529240 3379566
529240 3647
529240 c280195e44d78284e126d4823b28d80b
529240 529239
529240 285330
529240 e4151a7076651237895e0785fb4064a0
529240 fad7fe5d53359e0a27f9af156f2b95bd
529240 285392
529240 150959166eaa6c0ad78f85c408c27bfe
529240 529242
529240 215d138c1563957125f65890ba46754c
529240 529237
529240 285403
250290 250292
250290 250297
250290 20155
250290 391961
250290 139433
250290 3379566
250290 20064
250290 250074
250290 250073
250290 6f7537341845b1b538ebf263147c8db5
250290 c5788742779f7080daff0ac629e979a5
250290 3677356
250290 120016
250290 20157
250290 27309
250290 20152
250290 250072
250290 30992
250290 38422
250290 103193
384353 384379
384353 18561
384353 18790
384353 18583
384353 362598
384353 23701
384353 23800
384353 2565
384353 18563
384353 18584
384353 18604
384353 52157
384353 3729
384353 5724
384353 18599
384353 397847
384353 3146726
384353 57
384353 797
384353 13830
28607 28585
28607 28591
28607 28586
28607 28606
28607 7630
28607 28605
28607 28583
28607 28596
28607 28602
28607 28588
28607 28589
28607 28590
28607 28608
28607 28603
28607 28584
28607 28592
28607 9920
28607 28587
28607 76732
28607 28595
20208 529554
20208 530412
20208 529157
20208 201757
20208 20210
20208 528897
20208 20214
20208 578435
20208 20206
20208 529399
20208 20216
20208 528920
20208 529330
20208 528697
20208 528925
20208 523796
20208 20212
20208 528867
20208 529182
20208 20222
529001 528997
529001 183779
529001 780859
529001 799dded2ee7d99894a2a517d8a9ad30c
529001 3676101
529001 55136458990b35fda9f280aebaa51cd2
529001 3379566
529001 27353
529001 528999
529001 3647
529001 c280195e44d78284e126d4823b28d80b
529001 285330
529001 e4151a7076651237895e0785fb4064a0
529001 285392
529001 529010
529001 529008
529001 529000
529001 285403
529001 4730a488f2a4dd8467083179e2bff153
529001 529009
27309 3349426
27309 27355
27309 20144
27309 20121
27309 20136
27309 d1a21da7bca4abff8b0b61b87597de73
27309 63327
27309 528920
27309 20116
27309 392129
27309 107920
27309 27299
27309 528597
27309 392245
27309 27335
27309 27345
27309 3349599
27309 20128
27309 20152
27309 3349643
530397 799dded2ee7d99894a2a517d8a9ad30c
530397 3676101
530397 55136458990b35fda9f280aebaa51cd2
530397 0ebc497b92669bd05cba65572b6eaa26
530397 530395
530397 3379566
530397 3647
530397 c280195e44d78284e126d4823b28d80b
530397 285330
530397 e4151a7076651237895e0785fb4064a0
530397 530398
530397 27348
530397 27349
530397 530400
530397 530394
530397 1585211
530397 285392
530397 530399
530397 530396
530397 285403
530494 530497
530494 530495
530494 799dded2ee7d99894a2a517d8a9ad30c
530494 3676101
530494 55136458990b35fda9f280aebaa51cd2
530494 530462
530494 3379566
530494 789121
530494 3647
530494 c280195e44d78284e126d4823b28d80b
530494 285330
530494 e4151a7076651237895e0785fb4064a0
530494 27343
530494 fad7fe5d53359e0a27f9af156f2b95bd
530494 530493
530494 285392
530494 530461
530494 150959166eaa6c0ad78f85c408c27bfe
530494 285403
530494 530496
250074 109122
250074 250290
250074 3379566
250074 250072
250074 20064
250074 151404
250074 91e1e3286a1d8d7f8a76d669f3a1c7a8
250074 391955
250074 23800
250074 250292
250074 28581
250074 250073
250074 208808
250074 228193
250074 127295
250074 391961
250074 3146726
250074 36781
250074 28802
250074 242479
