107815
41006
529557 529559 529554 529560 809807 20680 20322 3676101 39237 20144 1001 1f53c9f3811cc581ab65414cb6e2f073 529555 20295 17598 20313 529558 20682 20306 529556 20419
20223
2530504
204711
523796 523787 157816 3379566 384353 129093 23800 3522803 528938 34091 528939 145202 37852 523788 59688 297716 523798 408364 3146726 57684 799241
1279649
529243
529923
20519
71455 384379 378247 2563 384353 408364
107935 107932 20672 107916 20468 107936 20214 20632 107926 20216 107933 107937 107891 20390 17598 93288 20094 824 974 107934 20574
529193
70049
3349599
20125
25521
530495
541515
529194
20613
107899
93288 20455 107916 89649 20463 63470 20064 107946 107926 20435 64293 107945 63728 107940 20458 20554 107942 20094 107943 107934 20636
107919
20680
2175
529921
20446
20295 392140 107814 20274 528897 20278 20276 20281 20279 20272 529398 107809 107939 60514 20282 64294 20271 529182 107093 20285 107813
51177
528820
529737
392133 392140 799dded2ee7d99894a2a517d8a9ad30c 3676101 55136458990b35fda9f280aebaa51cd2 392138 3389208 392131 3379566 3647 c280195e44d78284e126d4823b28d80b 285330 e4151a7076651237895e0785fb4064a0 392129 802431 285392 150959166eaa6c0ad78f85c408c27bfe 392126 27311 392136 285403
541514
529943
20498
27345
20380
317d438147b0e6e202f4e81592ab6d46
20077 250292 20083 523796 392202 528923 392224 263680 20095 20085 263697 529191 20094 528919 20075 388182 20089 107816 20091 392238 20087
69cd42cf0c872939592c4d5c20534c8a
797
541528 1279655 541527 541526 3379566 384353 57692 523984 1279654 1279652 23800 457948 541532 523982 1279653 541525 71455 1279656 408364 541529 541531
20584
7769695
107816 263685 107916 107814 263703 107819 201333 107818 18759 107891 20684 107815 17598 392171 824 107817 107921 20331 107925 392205 107813
91e1e3286a1d8d7f8a76d669f3a1c7a8
20587
20121
27359
20123
68868
529726
27321
107934 107932 107916 20680 20523 20581 20281 20576 107926 20272 20095 18759 20157 107931 107891 20587 20282 20528 20521 20075 4455
c1bbb6f56122901364dfe2ec7aa15a12
20396
99542
107946 90299 107916 89649 20373 3676101 63470 20064 107926 64293 107945 63728 20591 93288 63724 107943 107934 107948 20380 20446 20189
392238 20066 218432 799dded2ee7d99894a2a517d8a9ad30c 3676101 55136458990b35fda9f280aebaa51cd2 20408 3647 c280195e44d78284e126d4823b28d80b 285330 e4151a7076651237895e0785fb4064a0 20068 20282 242398 392169 285392 29600 233680 20075 388184 20574
529601
529156 529153 529158 529157 799dded2ee7d99894a2a517d8a9ad30c 3676101 55136458990b35fda9f280aebaa51cd2 3379566 3647 c280195e44d78284e126d4823b28d80b 27309 285330 e4151a7076651237895e0785fb4064a0 285392 150959166eaa6c0ad78f85c408c27bfe 529154 e65c668cee00626cab734e05aa4d3892 285403 529155 286042 529159
20463
86717
529390
204718
392205 107887 20672 107819 20395 20398 263693 20689 20337 107816 20083 107809 107820 391971 107815 20634 20682 132032 974 107822 107817
528920
978c4f32d74ac64f02392f6972cdb411
107888
8222116b9e8db4e41aacfc901d33d9aa
544095
529386
530411
388182 392180 799dded2ee7d99894a2a517d8a9ad30c 3676101 55136458990b35fda9f280aebaa51cd2 3379566 789121 3647 c280195e44d78284e126d4823b28d80b 285330 e4151a7076651237895e0785fb4064a0 fad7fe5d53359e0a27f9af156f2b95bd 392182 925 392185 388183 388013 285392 150959166eaa6c0ad78f85c408c27bfe 285403 388184
529956
20171
528860
541123
107916 20489 65158 16241 31e409239b3db9216a98879f5a7ff3e9 20431 3278020 16238 384353 198525 120299 15708 370452 20425 396504 15703 5965 20123 20128 590054 20396
530400
107951
530989
528930
530431
e65c668cee00626cab734e05aa4d3892
530501
530497
231810
392235
528937
242479
20089 201770 529554 392155 391975 392131 20077 530128 529575 201759 20091 529234 20083 528879 529172 528925 20087 529199 20094 20085 20075
63724
5664
5b6a5034e14d18566f2195505f2fe6cf
fc954c5bd52fca4cab9408037b48d98f
3676101 33150 3fda22cc83be26afd0aa43560dc7862e 3505169 1764739
541571
530962
529202
529301 528396 528698 20523 529373 967 528430 529270 528820 529304 529271 20493 529302 529351 528401 529268 528864 528867 20123 528888 529305
529348
179414
528880
1279644
55402
329b7c1837b0560f81be32bbbc9c10db
20454 529861 20455 20468 20463 20464 201334 107812 20461 392166 529338 392145 107891 528955 107815 20458 523796 93288 20466 528954 20456
20313
75037 28584 28590 28607 28585 28591 28586 76732 28592 28587 28606 7630 28602 28603 28605 28588 28583 28589 28596 9920 28595
1002
530516 530519 799dded2ee7d99894a2a517d8a9ad30c 3676101 55136458990b35fda9f280aebaa51cd2 978c4f32d74ac64f02392f6972cdb411 3379566 530518 530520 3647 c280195e44d78284e126d4823b28d80b 285330 530515 e4151a7076651237895e0785fb4064a0 fad7fe5d53359e0a27f9af156f2b95bd 285392 150959166eaa6c0ad78f85c408c27bfe 530512 285403 530513 1277135
20684
20271 1446540 201757 20274 20278 529963 20276 20281 20279 107926 20272 63327 63997 20254 107816 107820 20282 93288 20286 107093 20285
529302
31887
d41fdd3a681500a11fcc7ee8cc9f7323
98235d773aada208d90ac2a291a0cd70
27305
530367
541546
200205 880468 20463 20320 bfb5c36e04df8ba2cc33266e6f49f5eb 3676101 2359681 20278 3379566 528933 26 3647 528934 925 528935 201755 20313 201753 201754 977 20286
62837
28802
578406
18759 201770 529587 529243 18855 18898 20632 523805 107891 107893 19110 17598 204710 20634 529992 529156 392228 529166 208928 20636 18582
530508
2295
528926
5d04c9ffbefafb74d03a6a5e1fd91e21
b26282d7a034ce03d759b0063a0d46b4
529922
529173
528954
925
201334
529178
57
809807
392233
528903
20367
17601
299524
530380
2450332
285330 f2a430da6b265661f17096964b374183 d41fdd3a681500a11fcc7ee8cc9f7323 98235d773aada208d90ac2a291a0cd70 70049 fc592b5a831cbf675a0cf383d3023e16 142321 5664 de9e499881288c77268be4a9ae44f6d5 c280195e44d78284e126d4823b28d80b 4850 2a32de3bd0c11a945eb55ebb3df65ab8 e7fa14e5569becb9ac7a45e5f379f475 285392 9de5ebe82a096906cb783879d9dd145e 27720 219026e2efdb717770af1a6c01a13b97 28afa50e4da5d4d143d2d5dd32824031 1679833 317730b3d0fb55571658b73ab169c5b9 397901
123749
3249942
18604
183779
529189
107895
1440822
530522
529198
384379
107920
299621
20337
3647 27317 27355 27325 540974 d7a2ca50d32778fa5de7e1c21b517795 27359 3198747 9393f4aa57471b3d91633424e20889d0 540926 83563c87a7c245d4f80e3cc97b84a2dd 27305 27349 27299 17598 540982 27311 27335 27345 20128 27329
20285
529974
529570
529234
978
189271
20421 529926 20392 20402 20373 20395 20398 20408 529398 107931 63974 20390 187811 20400 107940 530268 20405 57704 20406 107813 20396
20661
14007 20083 967 20206 20148 20085 20144 20454 974 20513 20674 20579 20634 20329 20331 20636 20075 20509 20574 20515 20578
20513 528396 20523 107926 20519 20517 20531 20493 725 107945 63998 528401 20528 20515 14007 20521 528954 20526 26753 107093 20509
28605 28585 28591 28586 28606 7630 28583 28596 28602 28588 28589 28590 28608 28603 28584 28592 28607 9920 28587 76732 28595
530105
c0aabe5eb56f92d8b110502cf78e8e9c
953eea02fbf04b684af42d150aa14be0
107948 107949 93288 107934 20095 89649 107945 107916 20102 20691 20517 107950 107926 20286 64293 63728 20636 107946 20509 63470 90299
107093
529576
392228
388185
20456 20455 20468 20463 20464 529993 20435 20461 13080 20454 20470 530829 2477 528925 263716 20458 20466 132032 530143 107895 63722
21944
528430
529990
b372668bea68281f6b330330310193b7
27339
20102 529861 529260 392161 201757 528909 529145 529759 20077 201759 20091 529940 20083 528955 20089 20087 392150 20094 20085 530117 20075
529986
529370
107897
15708
20689
528908
461056
20563
20473
107809
528925
541502
28602 28585 28591 28586 28606 7630 28605 28583 28596 28588 28589 28590 28603 28584 28592 28607 25b099bf607972a6e81171bec582a5d5 9920 28587 76732 28595
3505169
541589
a9f0ae53b403bfc139f33f71df8cadac
20274 392180 90299 107951 107888 20278 20276 20281 20279 187684 20272 263723 20282 529191 20271 530968 14007 20285 107895 107094 107810
392231
20574 107896 20584 89649 392175 107819 107888 20581 20576 107898 20582 107931 20579 25663 20587 107890 107940 824 107948 392187 20578
907
578400
76917
1279651
24478
3389208 299621
529187
2359681
529569
528934
530285
529940
64195
57668
201756
528401
530007
20523
528881
20672 231810 20674 20680 250290 530007 392133 523785 392131 20676 529398 392145 20684 530394 20688 20682 392235 392136 392238 20678 392205
33041 20083 967 20210 20392 20148 20576 20144 20454 20272 974 20634 20329 20331 20390 20636 20271 20274 20509 20574 20578
24151
523984 a9f0ae53b403bfc139f33f71df8cadac 1519907 83360231e9ad456d3246db385dc39067 4169 57692 3367383 523982 31887 71455 408364
107810
64293 64291 20326 90299 107951 20281 20279 107926 20216 20339 63998 19110 64294 63728 21944 93288 107950 107934 107948 20574 107813
530829
529196
530371
20228
289087
531070
20621
529587
530243
20471
392207
530244
20615
529373 799dded2ee7d99894a2a517d8a9ad30c 3676101 55136458990b35fda9f280aebaa51cd2 3379566 529378 3647 c280195e44d78284e126d4823b28d80b 529376 27309 285330 529380 529369 e4151a7076651237895e0785fb4064a0 fad7fe5d53359e0a27f9af156f2b95bd 529370 285392 150959166eaa6c0ad78f85c408c27bfe 529372 285403 18e1c81ac539447e72d17f9680147f5a
541563
3278020
63316 20210 20206 20148 20576 20085 20455 20144 20454 20149 20272 20672 20634 20329 20678 20390 20636 20075 20077 20574 20578
24486
28606 28585 28591 28586 7630 28605 28583 28596 28602 28588 28589 28590 28608 28603 28584 28592 28607 9920 28587 76732 28595
3646
65158
63728 20392 20672 20455 20151 20077 967 20206 20676 20579 20149 20390 20513 20634 20515 20212 974 20331 20636 20456 20574
530249
541524 1279655 541527 541526 3379566 384353 57692 523984 1279654 541522 1279652 23800 457948 523982 1279653 541525 71455 1279651 541523 541521 408364
20155 529204 20159 528929 20151 9997 20144 530108 263723 20157 107923 20148 20149 107945 107815 523797 392171 107817 20165 107094 20152
529573
529197
528983
20068
286042
151863 20254 20064 63998 63328 20077 63318 392126 63316 824 541526 33041 107948 20206 63996 63319 14007 63483 250290 107813 75037
1231 523787 529193 530050 20077 392240 530520 263707 529202 20091 20083 529195 529388 20089 263716 20087 529192 20094 20085 392194 20075
4468
541562
920
803603
396504
445934
392173
392124 799dded2ee7d99894a2a517d8a9ad30c 391980 391975 3676101 55136458990b35fda9f280aebaa51cd2 3389208 392131 3379566 3647 c280195e44d78284e126d4823b28d80b 285330 e4151a7076651237895e0785fb4064a0 392129 391971 285392 392126 179414 673554 57 799241
529398
13080
20343 20326 107916 20329 20340 528914 392131 20333 107898 392124 20337 528934 107816 20339 107820 60514 20335 388185 107890 20331 107094
781656
320878
529195 529193 799dded2ee7d99894a2a517d8a9ad30c 3676101 55136458990b35fda9f280aebaa51cd2 529196 3379566 27353 789121 3647 c280195e44d78284e126d4823b28d80b 285330 e4151a7076651237895e0785fb4064a0 fad7fe5d53359e0a27f9af156f2b95bd 285392 150959166eaa6c0ad78f85c408c27bfe 529192 285403 529198 529194 529197
4730a488f2a4dd8467083179e2bff153
1279652 541503 541506 378247 541507 541502 541512 541514 57668 57692 457948 523982 1279653 71455 c98a4a3b790b71246e46c730b42cd33d 1279651 541500 541510 408364 541501 541504
528919 391980 392131 20276 528918 528920 391955 20454 528922 392145 392129 20149 528915 392126 20212 505938 523798 528917 20509 528921 20456
20634 107896 18855 18898 20632 392224 107926 18759 107933 392145 60514 19110 17598 107889 392228 14007 523797 392235 20636 107094 18582
541516
7630 28585 28591 28586 28606 28605 28583 28596 28602 28588 28589 28590 28608 28603 28584 28592 28607 9920 28587 76732 28595
187811
107807
541532
103150
6d703d2131c9a3112b08270a7f1d0014
530395
530444
75d9fc532712843527f5b4216569ca0b
530982
528879
107813 33041 20295 89649 392159 1231 20102 20444 63327 20582 63723 107948 64293 332324 392145 901 20435 63328 20421 20214 90299
391955
20423
528918
28591 28585 28586 28606 7630 28605 28583 28596 28602 28588 28589 28590 28608 28603 28584 28592 28607 9920 28587 76732 28595
63327 20672 20674 20151 20632 20206 20144 20676 20083 20148 20149 20513 20271 20212 20085 974 20678 20636 20075 20509 20574
139433 20569 19983 139552 250290 20193 392175 388182 20191 392240 392217 392214 115828 392166 76917 139426 25821 392207 20183 9571 3473
32134
32562
391961 94f573024963b0cf0897be0fcffa2d2a 799dded2ee7d99894a2a517d8a9ad30c 3676101 55136458990b35fda9f280aebaa51cd2 3389208 2412e5aea879ef912e9456b7b22b4c51 789121 3647 c280195e44d78284e126d4823b28d80b 285330 e4151a7076651237895e0785fb4064a0 fad7fe5d53359e0a27f9af156f2b95bd 3388945 27299 285392 150959166eaa6c0ad78f85c408c27bfe e081856f3a34fa9ceac52372dc4b09f6 289087 3146726 285403
529963
530282 27339 530283 799dded2ee7d99894a2a517d8a9ad30c 3676101 55136458990b35fda9f280aebaa51cd2 3379566 3647 c280195e44d78284e126d4823b28d80b 285330 e4151a7076651237895e0785fb4064a0 461051 fad7fe5d53359e0a27f9af156f2b95bd 530280 530285 285392 530284 150959166eaa6c0ad78f85c408c27bfe 1e6a78a9a7f22fd106e18aa4ac1d0d14 530529 285403
530364
107818
20272 63319 107916 20274 20278 20276 20281 20279 392124 63327 107933 107930 20282 63318 20271 63326 528954 20286 20285 107895 107925
107932
392187
63318 20395 20206 20333 20326 20676 20454 20272 20674 20672 20517 20634 20632 20208 20271 20274 18582 20458 20077 20515 20578
2412e5aea879ef912e9456b7b22b4c51
529157
529338
569541
541503
530284
1679833
529584
2a32de3bd0c11a945eb55ebb3df65ab8
967 20672 20326 20674 20077 20632 20206 20576 20144 20272 20454 3249942 20148 20390 20208 20271 20634 968 20075 20509 20574
3fda22cc83be26afd0aa43560dc7862e
529939
9bffed9c1d1ce2ffb94f0caac470016c
3677356 144054
20276 392219 20274 107951 20278 20281 9997 20279 20272 530501 107891 20282 64294 107935 20271 107938 63726 201775 528954 20285 529584
201770
17027
4620
107937
541527 1279655 541526 3379566 384353 57692 523984 1279654 1279652 23800 457948 523982 1279653 541525 71455 541528 1279656 408364 541529 541531 541524
530396
521463
117293
529138
529167
529949
201755
529237
20116
529925
578435
20065
5ab8f6d4827863a0db6101c7c9b24512
fc59c477cadee1f59dedaf5de24f6d87
20159
20435 530502 20455 20463 201757 20464 530437 20461 391955 20454 530508 392164 20458 505938 20466 230918 529012 529985 20456 529390 529956
18584
529250
1279692
378247
28586 28585 28591 28606 7630 28605 28583 28596 28602 28588 28589 28590 28608 28603 28584 28592 28607 9920 28587 76732 28595
392138 392140 799dded2ee7d99894a2a517d8a9ad30c 3676101 55136458990b35fda9f280aebaa51cd2 392133 3389208 392131 3379566 3647 c280195e44d78284e126d4823b28d80b 285330 e4151a7076651237895e0785fb4064a0 263698 19372 392145 544311 285392 392142 392136 57
528865
523788
20509 263685 530945 20523 529383 529976 528866 20519 530985 20517 529202 20513 530055 299524 530525 20515 392126 20521 132032 529253 20526
185988
530398
392152 392155 799dded2ee7d99894a2a517d8a9ad30c 3676101 55136458990b35fda9f280aebaa51cd2 3379566 392159 3647 c280195e44d78284e126d4823b28d80b 285330 e4151a7076651237895e0785fb4064a0 392148 392157 782449 299524 27321 285392 392150 781656 285403 3389210
129093
25663
392242
529603
528701
998
263723
392166
3723
115828
529861
60514
530515 530519 799dded2ee7d99894a2a517d8a9ad30c 3676101 55136458990b35fda9f280aebaa51cd2 978c4f32d74ac64f02392f6972cdb411 3379566 530518 530510 3647 c280195e44d78284e126d4823b28d80b 285330 e4151a7076651237895e0785fb4064a0 530516 fad7fe5d53359e0a27f9af156f2b95bd 285392 150959166eaa6c0ad78f85c408c27bfe 530512 285403 530513 1277135
528899
18561
bfb5c36e04df8ba2cc33266e6f49f5eb
529249
20224
3712483
eeb50f564b9e45bfae491a781e42c12a
529581
529887
28584 28585 28591 28586 28606 7630 28605 28583 28596 28602 28588 28589 28590 28608 28603 28592 28607 9920 28587 76732 28595
63725
263680 49335 263685 263703 201333 3379566 107818 384353 129093 23800 107891 392221 187811 263678 204710 263665 203226 208928 69cd42cf0c872939592c4d5c20534c8a 3146726 862f2196f676ac046c575570c209b992
63470 20392 20672 20674 20210 20632 20206 20144 20676 20272 20083 20148 20513 20208 20634 974 20331 20636 20075 20456 20574
529927
43092
20254 529557 392152 20281 529195 529976 392219 20282 20272 530000 529649 200205 20278 392138 20271 20274 20279 529586 20276 392205 528939
523799
20674 392140 20672 20680 204718 392133 528865 529945 529903 20676 392182 263697 388183 20684 530452 20688 528863 250074 20682 392136 20678
20531
392131 107814 3676101 55136458990b35fda9f280aebaa51cd2 392133 392138 3389208 3379566 392124 3647 c280195e44d78284e126d4823b28d80b 27309 285330 e4151a7076651237895e0785fb4064a0 925 392129 285392 146467 392126 1002 392136
541592 541591 541590 1279657 3379566 384353 57692 523984 1279659 541594 23800 457948 523982 541593 541595 71455 1279656 408364 1279660 541589 1279658
529645
523794
1519907
803dc643860ad3bd61ad42607a23577b
1279662
5724
1279659
107924
821fbf8dc4fdf20f7179de8888d02a32
33010
854a2644197d9e3b439b9d4c81454c0b
529560
530083
94f573024963b0cf0897be0fcffa2d2a
201762
208808
530963
530361
528922
20576 20584 20581 107946 20582 20589 20579 25663 107891 20587 60514 529139 26755 20554 263688 530268 63723 107093 392205 20574 20578
708921ade7e51efc9a54e18bc4de1a47
20526
530510
201757
529359
541534
541564
578434
4de14b1d9b14e8e270903ee426df41b3
541566
28587 28585 28591 28586 28606 7630 28605 28583 28596 28602 28588 28589 28590 28608 28603 28584 28592 28607 9920 76732 28595
529204 631dea7fa1a6e2984bf725721de07b3c 3676101 27296 3379566 529601 529201 445934 3647 c280195e44d78284e126d4823b28d80b e4151a7076651237895e0785fb4064a0 529202 239e3d359545e31375e5def270a4677b 20155 192990 2175 32134 529600 529602 529203 20110
541517
529331
408364 532027 16307 13874 2563 4620 384353 57692 2530504 3648 71455 54401 6757
1279646
541506
20214 529244 529333 20210 529378 20206 529345 20216 529346 529240 529234 529937 529571 20208 20212 530364 529253 529343 530447 529237 529267
20183
578401
392224 20073 20672 20702 33804 3676101 20276 20077 20223 20615 20176 3647 27359 c280195e44d78284e126d4823b28d80b 20175 9637 20634 20097 974 20075 853
250292 250290 20193 94cbc30b186b60305a133335cc321814 3379566 20077 4616 59160 391966 117293 20155 27907 0f036453071ed4da3d63686efd72414b 250073 103150 250297 391961 250074 3146726 20187 68868
54914
530370
529305
26
782449
541501
27325
107938
28583 28585 28591 28586 28606 7630 28605 28596 28602 28588 28589 28590 28608 28603 28584 28592 28607 9920 28587 76732 28595
530001
529304
4169
3198747
139426
862f2196f676ac046c575570c209b992
77027
529182
20148 392180 107887 20159 20151 107888 107818 20144 20157 20155 529271 20149 263697 529139 388185 388013 530431 208928 20165 392189 20152
20455 529924 20468 20463 20464 63482 20435 20461 392166 20454 20470 107931 725 528939 21944 20458 20466 63724 107943 540750 20456
80574
529380
541520
28595 28585 28591 28586 28606 7630 28605 28583 28596 28602 28588 28589 28590 28608 28603 28584 28592 28607 9920 28587 76732
20582 20584 63469 20581 63482 20576 20589 20579 25663 528955 63974 20587 63325 63998 21944 20554 392126 14007 57704 20574 20578
201333
1279542
529988
528933
528927
60513
529751
529384
528929
540974
529253
419424
20320
107898
c5788742779f7080daff0ac629e979a5
38308
2477
20678 529193 530123 20672 20674 20680 529963 529580 20676 529398 528920 529863 529340 530442 20684 528401 529258 529199 20682 528869 529913
b8ccfbb1b9a45c07b996d607cd70d5b3
530977
528892
529559
388183
23800 89649 107888 20214 20064 529575 263693 528918 1001 20435 20519 529573 541123 20493 541592 528597 528919 63316 107894 529000 541111
528939 523787 528937 528929 528860 20333 20676 392173 20157 20083 388183 20513 528938 37852 523796 523798 20466 230918 20509 388184 528701
529154
20322
530512
789121 544095 5664 3646656 51354 ea653680833d1850a672841a2d8c97b8 137673 3254681 23800 286482 37831 530874 3646 3275501 3723 41006 123749 289087
20676 20672 20674 20680 250290 528933 529569 332324 263723 529176 392145 20684 392233 20688 392226 523796 529166 20682 529583 528954 20678
27343
529562
392202 94f573024963b0cf0897be0fcffa2d2a 799dded2ee7d99894a2a517d8a9ad30c 3676101 55136458990b35fda9f280aebaa51cd2 2412e5aea879ef912e9456b7b22b4c51 789121 3647 c280195e44d78284e126d4823b28d80b 285330 e4151a7076651237895e0785fb4064a0 fad7fe5d53359e0a27f9af156f2b95bd 27349 3388945 285392 150959166eaa6c0ad78f85c408c27bfe e081856f3a34fa9ceac52372dc4b09f6 289087 3146726 53414 285403
529012
529602
529139
59160
20151 20159 107821 107818 529358 528933 263693 20144 529398 20157 250292 20155 107917 20148 20149 263688 93288 14007 20165 529582 20152
20411
20406
20292
107822
529376
263697 263685 263703 201333 3379566 107818 263693 4616 20292 263707 263698 392221 392200 263690 50992 263688 69cd42cf0c872939592c4d5c20534c8a 20187 20288 57 862f2196f676ac046c575570c209b992
529268
51354
541518
1279660
151404
541522
33150
529965
19988
3522803
20306
72661
57683
33804
53414
23585
324977
529998
530496
146467
20569
250073 147538 907 920 250290 523785 3379566 250072 33986 80574 185988 161976 391955 33010 250292 85917 3683423 250074 20222 804906 129694
3646656
20288
529588
528914
96168
263719
541591
924
30992 528937 528929 528899 528914 528933 528930 201759 528920 528922 523799 528911 20149 528925 528915 201753 528891 528919 528928 528869 528921
9637
228193
541500
13874
7460
541573
20181
ef6cbfb7ff6b3d8b8b76c39afb1765d5
26753
392157
92637
457948 1279649 2563 1279644 541515 57668 57692 2530504 1279646 1279645 1279652 541091 523982 71455 1279692 1279651 408364 1279650 1279648 1279647
529340
28608
529143
20344
530959
529244
541521
529000
20281 107949 392152 20274 20278 20276 529358 20279 20272 20254 20282 107893 20271 392245 33041 93288 63316 107899 57704 20286 20285
83563c87a7c245d4f80e3cc97b84a2dd
107930
530268
392142
523797
529172
6eda99749ace6ba16dd2b486ad187dd5
20395 20392 20402 63729 20373 529145 20398 9997 20408 529202 107930 20390 20400 107890 392126 263665 132032 20405 20406 263711 20396
e081856f3a34fa9ceac52372dc4b09f6
530399
2462207
d1a21da7bca4abff8b0b61b87597de73
218432
392180
57686
de1f2cef71915358ee525e13fb5f565e
530943
76431eda49018424e6d6b70425e3a690
541537
530116
529582
27358
41710
3473
2565
880468
201753
529200 631dea7fa1a6e2984bf725721de07b3c 799dded2ee7d99894a2a517d8a9ad30c 3676101 55136458990b35fda9f280aebaa51cd2 27358 3379566 529201 3647 27359 c280195e44d78284e126d4823b28d80b 285330 e4151a7076651237895e0785fb4064a0 529202 192990 285392 529199 285403 529203 529198 529197
799dded2ee7d99894a2a517d8a9ad30c
20515 263685 107888 107892 20523 63470 63483 20519 529348 20517 63327 20513 63725 20528 523798 20521 63474 107943 20526 20509 107094
528480
529985
31229
107889
523805
107918
529009
853
530981
a0860a6cd848cb65fbc8fe34d473ef85
5965
27311
4649
530524
530461
980
20688
392194
528866
529236
541544
528888
107812
541091
528923 2860 528926 24151 3379566 384353 140232 528920 528922 80724 20621 23800 34091 5298 2450332 528925 569541 3146726 528924 20661 528921
541526 384353 523982 408364 541524 1279653 1279655 541523 541525 541527 3379566 523984 71455 1279654 1279652 541528 1279656 57692 541529 23800 457948
140232
541510
528868
529239
3683423
392145 392140 27317 799dded2ee7d99894a2a517d8a9ad30c 3676101 55136458990b35fda9f280aebaa51cd2 392138 3379566 3647 c280195e44d78284e126d4823b28d80b 285330 e4151a7076651237895e0785fb4064a0 392148 fad7fe5d53359e0a27f9af156f2b95bd 299524 285392 150959166eaa6c0ad78f85c408c27bfe 392142 392150 285403 3389210
529354
541567
20408
528891
107814
1585211
286482
529388
20398
120294
285392 d41fdd3a681500a11fcc7ee8cc9f7323 3704767 c3ccb425706b2a7a786f6e27355df6d4 fc592b5a831cbf675a0cf383d3023e16 5664 c280195e44d78284e126d4823b28d80b 26186 20423 b26282d7a034ce03d759b0063a0d46b4 fc954c5bd52fca4cab9408037b48d98f 75d9fc532712843527f5b4216569ca0b 329b7c1837b0560f81be32bbbc9c10db 826194 c8a2808f43629e8f17c957c67aaf9555 27720 39578 5b6a5034e14d18566f2195505f2fe6cf 3672933 317730b3d0fb55571658b73ab169c5b9 397901
528956
530974
541536
397847
578424
530117
540750
303810
5298
20187
530525
63996 20083 967 20206 20392 20148 20576 20326 20454 20272 20513 20674 20634 20632 20390 20636 20075 20271 20077 20574 20578
129694
28603 28585 28591 28586 28606 7630 28605 28583 28596 28602 28588 28589 28590 28608 28584 28592 28607 9920 28587 76732 28595
27317
cf03b673d7594cca37da87122bcb47b7
36781
392200
529902
529332
107926 20326 20210 20329 20581 20206 20676 20272 20517 20454 20579 20149 20390 20271 20087 20515 974 20075 20509 20574 20396
1001
529906
529600
132032
528697
2340
529976 321245 529920 529977 cf03b673d7594cca37da87122bcb47b7 3676101 20627 3379566 529973 3647 529975 20254 529906 529940 529949 20224 529974 529979 529978 20509 20574
529577
1279518
4616
d2f89f35bb342beb20d4c42e1b7adf8f
529192
23315
63975
18898
530241
20286 392152 20274 20278 20276 20281 528956 263693 20279 530989 20272 392231 263723 529169 392221 20282 250073 20271 392228 528928 529965
3389838
20175
530520
11555adcdf0693d69a03b20570d20c0e
901 529157 20210 530981 20214 531075 578435 531074 20206 529201 530504 20216 529398 530429 529240 529195 20208 529568 20212 530498 529582
541590
528997
263688
541538
780859
529870
532027
530280
505938
ff1fe165c32e9ec7f59e07d158914dfb
263707
541519
578399
65514
529396
8a1db951b02f140de5511345aae3c3da
1764739
20064 20083 529924 20085 529156 529372 529301 530515 541592 530245 529402 529145 530494 20075 20089 20091 529200 20077 20087 530282 530397
541541
541531
20517 64291 107821 528983 20523 529891 20519 107937 529176 107919 20513 63998 529571 20528 20515 20521 63474 107822 20526 107948 20509
20144 20159 392161 528929 392175 20151 529975 392231 20157 392182 20155 20148 20149 392200 530083 528900 529923 263711 392187 528921 20152
20335 201770 20326 107814 20329 20340 77027 263693 20333 107898 201759 20337 20343 530068 20339 529949 529988 107939 250297 523798 20331
529343
392214
c2883abf9f970ef98b9b8510165d0e71
977 529861 529560 530216 528903 529986 967 529588 529943 529376 978 529014 529396 530105 528908 529561 980 983 974 968 578434
541594
37831
529554
1589438
1446540
19983
968 63729 107892 967 978 64293 107816 392129 530400 107935 980 983 4467 250074 132032 530960 974 392238 977 4455 204711
107819
529402 20151 529138 20276 529200 529173 529580 529201 529603 529171 529176 529169 529195 529168 529178 529177 529203 529194 20578 529197 529188
824 107891 20212 18759 107934 107935 20405 107916 974 20216 107926 20582 20464 20400 17598 20678 20075 20271 20343 20214 20574
529008
201785
2563
76732 28585 28591 28586 28606 7630 28605 28583 28596 28602 28588 28589 28590 28608 28603 28584 28592 28607 9920 28587 28595
3389210
529997
530414
531073
1279661
20152 20159 20151 530945 263680 9997 20144 20157 107931 20155 20148 20149 107893 107920 107935 107889 14007 201775 392235 20165 107094
20581 107896 20584 107936 9997 20576 20582 64293 107933 528922 20579 25663 20587 530248 60514 63998 528924 107948 107925 20574 20578
107094
392155
20282 63319 107887 528903 20274 20278 20276 20281 20279 107926 20272 392240 107807 20254 20271 528954 20286 20285 392242 107925 107924
530216
2439601
fc592b5a831cbf675a0cf383d3023e16
263711
b810709f6d3d7ba58365a53699259e59
529238
530247
157816
392191
1279655 378247 541537 541538 541541 57692 523984 1279654 d4dc5cd2b911c1dff6a327245a005b55 541546 541544 457948 523982 541543 71455 1279656 541539 408364 541536 541540 541562
ab29b5fb928f9355bfec1b892e20e681
392178
38422 106126 63469 92637 99542 63327 c0aabe5eb56f92d8b110502cf78e8e9c 13080 7e94481ed0bd77c61ff266a4ce48b0c2 127230 38308 2477 74212 107940 127621 54914 942faeeb1c9db83d9e20ec4cd3de8c3b 3712483 8a1db951b02f140de5511345aae3c3da 854a2644197d9e3b439b9d4c81454c0b 3473
1f53c9f3811cc581ab65414cb6e2f073
4c73fe91fd0fe31f30e25cafbd4796c1
529605
de9e499881288c77268be4a9ae44f6d5
201436
28589 28585 28591 28586 28606 7630 28605 28583 28596 28602 28588 28590 28608 28603 28584 28592 28607 9920 28587 76732 28595
529920
530529
631dea7fa1a6e2984bf725721de07b3c
80724
530108
541512
529975
20094 529554 201756 201334 20077 530518 528406 392166 392157 20091 20083 529561 20089 530444 20087 392142 528917 20085 529923 530974 20075
107923
530452
e7fa14e5569becb9ac7a45e5f379f475
107891 263685 107916 107888 107892 20395 20281 107818 107926 107893 74212 26755 107890 20089 107889 20087 107894 107934 20331 20075 20578
3349426
530519
27907
530944
20390 529193 20392 392202 20402 107821 201334 20395 20398 107818 107926 392214 107933 107945 20400 392171 20405 530000 107093 20406 20396
3254681
18599
63722
541529 1279655 541527 541526 3379566 541533 384353 57692 523984 1279654 1279652 23800 457948 541532 523982 1279653 71455 541528 1279656 408364 541531
107893
529397 183779 799dded2ee7d99894a2a517d8a9ad30c 3676101 55136458990b35fda9f280aebaa51cd2 3379566 578435 3647 c280195e44d78284e126d4823b28d80b 529399 285330 529398 e4151a7076651237895e0785fb4064a0 27343 529396 529401 285392 150959166eaa6c0ad78f85c408c27bfe 285403 578434 4730a488f2a4dd8467083179e2bff153
63998 967 20206 20392 20148 20576 20326 20676 20454 20149 20272 974 20513 20632 20208 20390 20636 20075 20271 968 20574
1279654 1279655 541527 541526 378247 541535 541533 57692 523984 11555adcdf0693d69a03b20570d20c0e 457948 541532 523982 1279653 541525 71455 541528 408364 541529 541531 541534
3275501
20087 528903 20077 528927 392224 201759 20091 20083 392164 392129 388185 20089 523798 529166 20094 20085 528919 392235 20075 528869 529887
529369
529586 799dded2ee7d99894a2a517d8a9ad30c 3676101 55136458990b35fda9f280aebaa51cd2 529587 3379566 529588 3647 c280195e44d78284e126d4823b28d80b 285330 e4151a7076651237895e0785fb4064a0 529598 fad7fe5d53359e0a27f9af156f2b95bd 192990 285392 150959166eaa6c0ad78f85c408c27bfe 529583 821fbf8dc4fdf20f7179de8888d02a32 285403 529584 529582
974 967 392224 978 107917 263697 107945 107939 263690 263716 392142 33041 980 983 14007 4467 824 968 977 96168 4455
263693
27738
d7a2ca50d32778fa5de7e1c21b517795
529978
530968
826194
541572
391971
120016 c8f22b0d4ff331aa9924fb3e525d6f45 25521 65514 250290 320878 20395 528956 20077 6d703d2131c9a3112b08270a7f1d0014 20121 c1bbb6f56122901364dfe2ec7aa15a12 20513 c2883abf9f970ef98b9b8510165d0e71 803dc643860ad3bd61ad42607a23577b 37852 72661 3148428 43897 528923 24478
55136458990b35fda9f280aebaa51cd2
802431
74212
263698
33986
388184
c98a4a3b790b71246e46c730b42cd33d
530126
20627
461051
18582 107887 392202 263680 18855 18898 20632 107926 201759 18759 107816 250292 530280 19110 17598 388013 20634 392245 107817 20636 204711
7c2b115a9ece463e2fe88f974a4359a1
9571
20066
39237
541540
198525
20468
804906
487082
529145 20159 521463 529138 578436 529143 529576 529603 978 529136 25663 529561 529148 529581 529558 529583 529605 529556 529582 529198 20396
529992
673554
27296
20091 530502 529187 529927 204718 529196 529236 392131 20077 523794 201785 529396 20083 528883 528697 528939 20089 20087 20094 20085 20075
529924 529926 529927 799dded2ee7d99894a2a517d8a9ad30c 3389838 3676101 55136458990b35fda9f280aebaa51cd2 27358 3379566 3647 c280195e44d78284e126d4823b28d80b 285330 e4151a7076651237895e0785fb4064a0 529925 fad7fe5d53359e0a27f9af156f2b95bd 529921 529922 285392 150959166eaa6c0ad78f85c408c27bfe 529923 285403
fad7fe5d53359e0a27f9af156f2b95bd
20632 64291 530412 90299 201334 18855 18898 201759 18759 107930 63974 19110 17598 20634 14007 63474 63724 20636 578406 529962 18582
529346
15703
529267
147538
528864
25821
20329 201762 20326 89649 20340 20333 107926 201759 20337 20343 107923 20339 107820 60514 20335 107811 523798 63723 20331 63722 107924
392226
20605
392189
530283
530133
27349
529863
107943
529913
3146726
57704
116974
f2a430da6b265661f17096964b374183
541111
782657
20402
242398
530945
107950 107949 20326 90299 107916 107951 20373 63470 107926 20171 64293 20695 107815 64294 63728 20212 93288 107822 107934 107948 20125
529309
529351
3704767
63319 20083 967 20395 20392 20576 20151 20144 20454 20335 977 20579 20329 20331 20075 20271 20581 968 18582 20214 20578
107887
20222 529244 530527 20210 530413 530241 20214 20206 529309 529270 20216 529576 529388 20208 529570 529010 20212 529343 529556 529267 529305
20196
20189
530462
541507
28588 28585 28591 28586 28606 7630 28605 28583 28596 28602 28589 28590 28608 28603 28584 28592 28607 9920 28587 76732 28595
1279647
529973
530874
eedeed85366cf57e4701185f24b7ab32
529191 529193 799dded2ee7d99894a2a517d8a9ad30c 529189 3676101 55136458990b35fda9f280aebaa51cd2 3379566 3647 c280195e44d78284e126d4823b28d80b 285330 487082 e4151a7076651237895e0785fb4064a0 27349 285392 150959166eaa6c0ad78f85c408c27bfe 529192 1440822 285403 529190 529194 529188
6757
530442
528955
392161
105380
541569
541595
983
20110
529166 39375 529119 799dded2ee7d99894a2a517d8a9ad30c 3676101 529138 55136458990b35fda9f280aebaa51cd2 3379566 3647 c280195e44d78284e126d4823b28d80b 285330 e4151a7076651237895e0785fb4064a0 529169 529168 529139 235629 41710 285392 529167 285403 286042
127621
529155
27353
28581
529759
523982 ea0eed0c717a965d6bb26ad099cefdd6 1279657 1279655 57692 523984 1279659 1279662 2530504 457948 1279653 71455 b810709f6d3d7ba58365a53699259e59 1279656 1279661 408364 303810 1279660 1279658
90299 20468 20167 20581 20281 20064 967 20099 20589 20411 20254 20083 20155 20493 20335 20089 20528 20087 20165 18582 20574
28585 28591 28586 28606 7630 28605 28583 28596 28602 28588 28589 28590 28608 28603 28584 28592 28607 9920 28587 76732 28595
391980 799dded2ee7d99894a2a517d8a9ad30c 391975 3676101 55136458990b35fda9f280aebaa51cd2 3389208 3379566 392124 3647 c280195e44d78284e126d4823b28d80b 285330 e4151a7076651237895e0785fb4064a0 391966 fad7fe5d53359e0a27f9af156f2b95bd 27305 392129 391971 285392 150959166eaa6c0ad78f85c408c27bfe 392126 285403
529926
20458 107896 20455 20468 20463 20464 107818 20461 64293 20454 107923 529863 107945 528480 107893 107811 20466 132032 528954 107094 20456
529401
529583
2860
3672933
502208
529159
541533
528921
89649 20563 20498 20329 20464 20065 20523 20471 20615 1001 20605 24486 20297 2340 20400 20384 17027 419424 20613 20473 51177
529242
529176
63974
150959166eaa6c0ad78f85c408c27bfe
529561
362598
20167
27720
392136
1277135
541535
201772
120299
235629
20099
392169
20636 107932 18855 18898 20632 107922 18759 392182 107897 107820 392233 19110 17598 107889 20634 263665 392136 107894 107094 18582 461056
1279653 378247 541515 57692 523984 1279654 541522 1279652 457948 541519 523982 541518 71455 541516 541523 541521 541520 408364 541517 d2f89f35bb342beb20d4c42e1b7adf8f 541524
63325
20464 63319 20455 107916 20468 20463 529201 20461 107807 20454 107933 63725 20458 107942 14007 20466 528928 107948 107921 63975 20456
187153
529999
529727
392148
530960
528396
530498
107942
530504
332324 139957 64195 384353 324977 105380 149891 62837 782657 128494 23800 7460 108455 120294 7523 86717 3146726 51910 140468 31229
529389
20085 201770 20077 528860 20095 392166 107918 392148 20091 20083 107897 20089 20087 392228 208928 20094 132032 230918 529562 263711 20075
529010
541588
20298
528915
529014
107949 20552 20455 90299 107916 89649 107951 20298 20281 63470 107926 20519 64293 64294 63728 93288 19988 107950 20123 107934 107948
4455
531075
63997
23701
530245 799dded2ee7d99894a2a517d8a9ad30c 3676101 55136458990b35fda9f280aebaa51cd2 3379566 a0860a6cd848cb65fbc8fe34d473ef85 530244 530243 3647 c280195e44d78284e126d4823b28d80b 285330 e4151a7076651237895e0785fb4064a0 953eea02fbf04b684af42d150aa14be0 530248 530249 285392 150959166eaa6c0ad78f85c408c27bfe 5d04c9ffbefafb74d03a6a5e1fd91e21 530242 530247 285403
528597
107945 20584 107916 89649 20278 20281 63470 107946 107926 4468 64293 63728 20458 107942 93288 20466 974 107943 107934 107948 4455
530143
139957
20326 64291 107949 90299 392161 20329 204718 20340 20333 107926 20337 20343 392173 20339 20335 107890 250074 107950 107943 20331 530013
529201
139552
392221
145202
c8a2808f43629e8f17c957c67aaf9555
63469
137673
20267
541523 1279655 541526 3379566 384353 57692 523984 1279654 541522 1279652 23800 457948 523982 1279653 541525 71455 1279651 541521 541520 408364 541524
578403
107936
297716
528863
20083 529861 528937 530944 20077 528866 529143 530943 392166 20091 529577 20089 528925 20087 20094 20085 392136 528888 20075 529389 529194
1279658
528900
20554
20392 20402 20373 107892 20395 20398 63470 20408 107933 20390 74212 20400 63725 63326 93288 530364 20405 107822 20406 63975 20396
529136
63482
20333 20326 20329 20340 20344 17601 20337 529603 64293 13080 20343 187153 20339 392164 20335 33041 392150 63726 63723 530309 20331
20216 529333 529119 529739 20210 529145 529236 20214 20206 541515 529939 530503 530429 529001 529388 20208 529306 529600 529558 20212 529582
20095 529358 20077 528995 529330 528577 20091 528880 20083 529168 20089 530126 20087 392171 20094 20085 529923 392194 529203 20075 201772
94cbc30b186b60305a133335cc321814
528869
64291
541565
20257
530447
529168
528995
1279648
530412
530502
54401
43897
20682
20097
529188
117269
392185
530000 529870 799dded2ee7d99894a2a517d8a9ad30c 3389838 529997 3676101 55136458990b35fda9f280aebaa51cd2 3379566 530001 3647 c280195e44d78284e126d4823b28d80b 529999 529998 285330 e4151a7076651237895e0785fb4064a0 fad7fe5d53359e0a27f9af156f2b95bd 6eda99749ace6ba16dd2b486ad187dd5 529871 285392 150959166eaa6c0ad78f85c408c27bfe 285403
250297 907 43092 33804 250290 391975 3379566 20064 32562 804739 20136 20135 391966 250292 391971 20335 924 72661 391961 20166 20189
4467
529598
3c3850de293ad302fb233133be262ad2
530518
370452
140468
529013
529177
215d138c1563957125f65890ba46754c
530123
103193 392152 20672 392202 392161 250290 c495480633846f5cd2f3b77eff0e768b 328009 388182 8222116b9e8db4e41aacfc901d33d9aa 2439601 4649 7769695 502208 392157 76431eda49018424e6d6b70425e3a690 2295 388183 419494 29063 20165
39578
529153
529649 529645 529720 529648 530962 3676101 20196 530963 529727 20267 530977 530982 530959 530367 529726 529647 27299 530380 20228 529751 530370
529333
541593
107940
28590 28585 28591 28586 28606 7630 28605 28583 28596 28602 28588 28589 28608 28603 28584 28592 28607 9920 28587 76732 28595
ea653680833d1850a672841a2d8c97b8
20461
20470
528698
83360231e9ad456d3246db385dc39067
528577
529271
18790
20297
7523
392240
107820
528897
39375
28592 28585 28591 28586 28606 7630 28605 28583 28596 28602 28588 28589 28590 28608 28603 28584 28607 9920 28587 76732 28595
529170
20384
530416
392159 392152 231810 20584 392155 392161 20274 204718 77027 392157 528911 392164 263697 17598 528925 392228 523796 528923 983 20094 20521
388013
529555
392164
107921
529568
20521
392150
0f036453071ed4da3d63686efd72414b
149891
27329
529260
17598 392202 107819 107892 18855 18898 20632 107926 18759 332324 20587 107893 19110 107889 20634 208928 824 107948 107093 20636 18582
208928
18855
529739
1279739
263690
59688
529979
27335
6f7537341845b1b538ebf263147c8db5
529203
20431
530242
1279656 1279657 1279655 541563 541572 378247 541564 541566 57692 523984 457948 523982 541565 71455 541573 408364 541567 eeb50f564b9e45bfae491a781e42c12a 541571 541568 541569
529330 529333 3676101 55136458990b35fda9f280aebaa51cd2 529383 3379566 359092 321344 3647 c280195e44d78284e126d4823b28d80b 285330 e4151a7076651237895e0785fb4064a0 27348 27349 ff10055d399f1068a1f3d2082c42f2f8 285392 529384 529331 1589438 529386 529332
3e701a3dbb001eab6c3f3d9392d90bc6
63326
529158
263685
530050
109122
530503
187432
50992
529270
392126 392133 392129 789121 3647 c280195e44d78284e126d4823b28d80b 3379566 285330 392124 799dded2ee7d99894a2a517d8a9ad30c 391980 391975 285403 3676101 55136458990b35fda9f280aebaa51cd2 e4151a7076651237895e0785fb4064a0 3389208 285392 392131 150959166eaa6c0ad78f85c408c27bfe fad7fe5d53359e0a27f9af156f2b95bd
529567 529559 529560 799dded2ee7d99894a2a517d8a9ad30c 3676101 55136458990b35fda9f280aebaa51cd2 3379566 3647 c280195e44d78284e126d4823b28d80b 285330 173016 529569 e4151a7076651237895e0785fb4064a0 fad7fe5d53359e0a27f9af156f2b95bd 192990 529570 285392 529568 150959166eaa6c0ad78f85c408c27bfe 529558 285403
19110
20073
540982
529372 799dded2ee7d99894a2a517d8a9ad30c 3676101 55136458990b35fda9f280aebaa51cd2 3379566 529378 529373 789121 3647 c280195e44d78284e126d4823b28d80b 529376 285330 529369 e4151a7076651237895e0785fb4064a0 fad7fe5d53359e0a27f9af156f2b95bd 529370 285392 150959166eaa6c0ad78f85c408c27bfe 529359 285403 18e1c81ac539447e72d17f9680147f5a
541539
107821
20176
397901
1279645
20165
1279657
c280195e44d78284e126d4823b28d80b
107933
530068
107925
529720
328009
529571 799dded2ee7d99894a2a517d8a9ad30c 3676101 55136458990b35fda9f280aebaa51cd2 3379566 529575 3647 c280195e44d78284e126d4823b28d80b 529576 285330 529569 529573 e4151a7076651237895e0785fb4064a0 fad7fe5d53359e0a27f9af156f2b95bd 192990 27321 529570 285392 529568 150959166eaa6c0ad78f85c408c27bfe 285403
20400 107887 20392 107896 20402 523785 201333 20395 20398 107818 107812 392221 20390 529902 107893 528900 20405 530143 578434 20406 20396
20373
392129 799dded2ee7d99894a2a517d8a9ad30c 391980 3676101 55136458990b35fda9f280aebaa51cd2 392133 3389208 392131 3379566 392124 3647 c280195e44d78284e126d4823b28d80b 27309 285330 e4151a7076651237895e0785fb4064a0 fad7fe5d53359e0a27f9af156f2b95bd 285392 150959166eaa6c0ad78f85c408c27bfe 392126 392136 285403
392175
27304
529903
19372
18583
529399
530055
28596 28585 28591 28586 28606 7630 28605 28583 28602 28588 28589 28590 28608 28603 28584 28592 28607 9920 28587 76732 28595
528984
20528
b667ebbc658f843054fcae17bbab56ae
230918
34091
529383 799dded2ee7d99894a2a517d8a9ad30c 3676101 55136458990b35fda9f280aebaa51cd2 3379566 803603 321344 3647 c280195e44d78284e126d4823b28d80b 285330 529330 e4151a7076651237895e0785fb4064a0 27348 529388 ff10055d399f1068a1f3d2082c42f2f8 285392 529384 529331 529386 285403 529332
20149 20159 250290 20151 20144 187684 392240 392214 530009 530515 20157 529176 20155 20148 391971 263719 132032 230918 528892 20152 529194
9393f4aa57471b3d91633424e20889d0
530446
107892
69985
530409
20695
c8f22b0d4ff331aa9924fb3e525d6f45
25b099bf607972a6e81171bec582a5d5
530429
127295
804739
26186
540926
3379566 578401 23585 578403 578424 57692 ab29b5fb928f9355bfec1b892e20e681 1279739 9a76ebfc9404f3056f9af3491322480e 1279518 1279653 4de14b1d9b14e8e270903ee426df41b3 eedeed85366cf57e4701185f24b7ab32 1279542 57686 578399 5ab8f6d4827863a0db6101c7c9b24512 57684 578400 2462207 57683
530493
1e6a78a9a7f22fd106e18aa4ac1d0d14
529575
942faeeb1c9db83d9e20ec4cd3de8c3b
201775
18e1c81ac539447e72d17f9680147f5a
20340
528883
523798
528928
57692 3c3850de293ad302fb233133be262ad2 972ef3cb02caa83ce60d71bc15ada0b5 317d438147b0e6e202f4e81592ab6d46 fc59c477cadee1f59dedaf5de24f6d87 3e701a3dbb001eab6c3f3d9392d90bc6 b667ebbc658f843054fcae17bbab56ae 4c73fe91fd0fe31f30e25cafbd4796c1 de1f2cef71915358ee525e13fb5f565e 708921ade7e51efc9a54e18bc4de1a47 ec0a999ceaaff5f994526fe0c66b0367 541091 71455 408364 3146726 2462207 57683 9bffed9c1d1ce2ffb94f0caac470016c
192990
529119 529138 ef6cbfb7ff6b3d8b8b76c39afb1765d5 3379566 20281 384353 129093 117269 a47aa088dd4a0f0e9c3b2c51dae5ee2b 33743 529136 7c2b115a9ece463e2fe88f974a4359a1 23800 529168 529139 27738 529166 408364 529167 853 116974
20128
530415
392217
63483 20083 20395 20206 20148 20576 20085 20455 20144 20676 20454 974 20208 20390 20636 20075 20274 18582 20456 20574 20515
201754
529648
529148
20193
107896
20212 529250 528881 20210 528698 531073 20214 528865 20206 529348 20216 528577 529397 20208 528597 529600 529170 528892 20222 529584 529012
250072 b8ccfbb1b9a45c07b996d607cd70d5b3 23315 250290 523785 20257 3379566 69985 20064 20181 384353 391955 23800 243855 ff1fe165c32e9ec7f59e07d158914dfb 250073 107890 145202 505938 250074 3146726
359092
529258
3367383
528917
578436
0ebc497b92669bd05cba65572b6eaa26
528867
107894
529358
20157 20159 529013 107814 20151 107892 392131 20144 332324 187153 20155 20148 392164 20149 107815 392169 263665 107894 20165 392178 20152
173016
544311
529190
20444 20455 20463 528937 263703 20464 187684 20461 20454 332324 461051 392200 531070 392233 250073 529600 20458 20466 201436 20456 201772
37852
725
ec0a999ceaaff5f994526fe0c66b0367
20405 20392 231810 20402 528868 201334 20395 20398 530518 107922 530361 20390 107815 20400 107889 523788 14007 530396 107921 20406 20396
530527 529158 799dded2ee7d99894a2a517d8a9ad30c 3676101 55136458990b35fda9f280aebaa51cd2 3379566 27304 3647 c280195e44d78284e126d4823b28d80b 285330 530524 e4151a7076651237895e0785fb4064a0 530522 27305 529163 285392 530525 e65c668cee00626cab734e05aa4d3892 285403 286042 529159
528911
530513
20493
530248
142321
3388945
20691 20672 392202 20674 528903 20680 392138 20676 530943 530105 529555 392191 20684 528900 20688 263665 20682 530076 20678 392205 201772
20166
63328 20083 967 20395 20206 20148 20085 20333 20676 20674 20517 20634 17598 20331 20278 20390 20271 20274 20089 20087 20515
20278 529260 250290 20274 528984 20276 20281 20279 578436 20272 529737 530493 529401 530975 20282 530446 529178 20271 392226 201754 530371
20425
1279650
317730b3d0fb55571658b73ab169c5b9
20591
a47aa088dd4a0f0e9c3b2c51dae5ee2b
530013
107917
9997
9920 28585 28591 28586 28606 7630 28605 28583 28596 28602 28588 28589 28590 28608 28603 28584 28592 28607 28587 76732 28595
529580
107817
528924
64294
529345
16238
528999
529169
49335
529378
20489
529306
530437
530413 530414 530412 799dded2ee7d99894a2a517d8a9ad30c 530416 3676101 55136458990b35fda9f280aebaa51cd2 27296 3379566 3647 c280195e44d78284e126d4823b28d80b 285330 e4151a7076651237895e0785fb4064a0 530415 fad7fe5d53359e0a27f9af156f2b95bd 530409 1585211 285392 150959166eaa6c0ad78f85c408c27bfe 530411 285403
523787
27299
201759
63723 20455 20674 20210 20329 20395 20276 20632 967 20272 20083 20149 20271 20634 20458 20085 968 20678 20636 20456 20574
529163
523785
27348
3648
530009
392140
203226
63474
187684
529171
530076
20135
20210 529013 529587 529378 20214 20206 20216 529240 529327 530522 528697 529351 529268 b372668bea68281f6b330330310193b7 530452 20208 20212 529249 529386 20222 529332
529871
e4151a7076651237895e0785fb4064a0
20331 20326 20329 20340 107892 529200 20333 20337 20343 530116 107816 392210 20339 107897 20335 263678 392228 132032 107899 107895 530133
233680
529558
263665
321245
63726
27355
20552
20578 187432 530502 529354 20584 391975 201333 263680 20581 20576 20582 392231 392148 263723 20579 25663 107809 20587 529902 201436 20574
20702
33743
127230
20579 20584 60513 201756 107888 20581 63483 20576 201759 529975 20582 25663 20587 21944 529751 528954 107894 96168 107925 20574 20578
392210
16307
26755
529199
392182
4850
529327
263703
29600
ff10055d399f1068a1f3d2082c42f2f8
85917
107811
263678
20466
20136
528935
541543
107939
20191
590054
7e94481ed0bd77c61ff266a4ce48b0c2
391975 799dded2ee7d99894a2a517d8a9ad30c 391980 3676101 55136458990b35fda9f280aebaa51cd2 3389208 3379566 349451 27304 392124 3647 c280195e44d78284e126d4823b28d80b 285330 e4151a7076651237895e0785fb4064a0 391966 27305 391971 285392 250297 392126 285403
219026e2efdb717770af1a6c01a13b97
972ef3cb02caa83ce60d71bc15ada0b5
285403 20680 20151 20278 20581 20276 20214 20333 20517 978 20579 17598 20458 20087 20212 20085 977 20678 18582 20152 20396
20589
531074
c495480633846f5cd2f3b77eff0e768b
391966
529556
20419
144054
529977
18563
161976
541568
3148428
528909
239e3d359545e31375e5def270a4677b
108455
20075 201762 530527 20077 392224 541588 392166 529990 20091 529940 20083 530452 20089 200205 20087 391961 392126 392171 20094 20085 201772
106126
57684
52157
799241
528938
392219 998 20159 94f573024963b0cf0897be0fcffa2d2a 799dded2ee7d99894a2a517d8a9ad30c 3676101 55136458990b35fda9f280aebaa51cd2 27358 55402 2412e5aea879ef912e9456b7b22b4c51 789121 3647 c280195e44d78284e126d4823b28d80b 285330 e4151a7076651237895e0785fb4064a0 fad7fe5d53359e0a27f9af156f2b95bd 20367 285392 150959166eaa6c0ad78f85c408c27bfe 285403 20125
541504
530309
349451
541525 1279655 541527 541526 3379566 384353 57692 523984 1279654 541522 1279652 23800 457948 523982 1279653 71455 541528 1279656 541523 408364 541524
20279 529250 63469 20274 60513 20278 20276 20281 107818 20272 107930 20282 107890 20271 21944 33041 14007 20286 107093 20285 107813
530985
31e409239b3db9216a98879f5a7ff3e9
20206 529001 529204 20212 530413 20210 529373 529571 529166 529383 530527 529119 20216 529397 529330 20208 20222 530516 529567 529240 20214
530394
529891
529240 529244 529238 799dded2ee7d99894a2a517d8a9ad30c 3676101 55136458990b35fda9f280aebaa51cd2 529243 189271 3379566 3647 c280195e44d78284e126d4823b28d80b 529239 285330 e4151a7076651237895e0785fb4064a0 fad7fe5d53359e0a27f9af156f2b95bd 285392 150959166eaa6c0ad78f85c408c27bfe 529242 215d138c1563957125f65890ba46754c 529237 285403
3729
ea0eed0c717a965d6bb26ad099cefdd6
128494
51910
3349643
392245
107931
250290 250292 250297 20155 391961 139433 3379566 20064 250074 250073 6f7537341845b1b538ebf263147c8db5 c5788742779f7080daff0ac629e979a5 3677356 120016 20157 27309 20152 250072 30992 38422 103193
13830
63729
529647
384353 384379 18561 18790 18583 362598 23701 23800 2565 18563 18584 18604 52157 3729 5724 18599 397847 3146726 57 797 13830
28afa50e4da5d4d143d2d5dd32824031
321344
c3ccb425706b2a7a786f6e27355df6d4
d4dc5cd2b911c1dff6a327245a005b55
28607 28585 28591 28586 28606 7630 28605 28583 28596 28602 28588 28589 28590 28608 28603 28584 28592 9920 28587 76732 28595
243855
419494
20208 529554 530412 529157 201757 20210 528897 20214 578435 20206 529399 20216 528920 529330 528697 528925 523796 20212 528867 529182 20222
9de5ebe82a096906cb783879d9dd145e
529962
107922
529937
530128
529001 528997 183779 780859 799dded2ee7d99894a2a517d8a9ad30c 3676101 55136458990b35fda9f280aebaa51cd2 3379566 27353 528999 3647 c280195e44d78284e126d4823b28d80b 285330 e4151a7076651237895e0785fb4064a0 285392 529010 529008 529000 285403 4730a488f2a4dd8467083179e2bff153 529009
27309 3349426 27355 20144 20121 20136 d1a21da7bca4abff8b0b61b87597de73 63327 528920 20116 392129 107920 27299 528597 392245 27335 27345 3349599 20128 20152 3349643
204710
9a76ebfc9404f3056f9af3491322480e
529945
16241
530397 799dded2ee7d99894a2a517d8a9ad30c 3676101 55136458990b35fda9f280aebaa51cd2 0ebc497b92669bd05cba65572b6eaa26 530395 3379566 3647 c280195e44d78284e126d4823b28d80b 285330 e4151a7076651237895e0785fb4064a0 530398 27348 27349 530400 530394 1585211 285392 530399 530396 285403
107890
20339
529993
263716
530494 530497 530495 799dded2ee7d99894a2a517d8a9ad30c 3676101 55136458990b35fda9f280aebaa51cd2 530462 3379566 789121 3647 c280195e44d78284e126d4823b28d80b 285330 e4151a7076651237895e0785fb4064a0 27343 fad7fe5d53359e0a27f9af156f2b95bd 530493 285392 530461 150959166eaa6c0ad78f85c408c27bfe 285403 530496
250074 109122 250290 3379566 250072 20064 151404 91e1e3286a1d8d7f8a76d669f3a1c7a8 391955 23800 250292 28581 250073 208808 228193 127295 391961 3146726 36781 28802 242479
528406
530975
392171
29063
