20301 20267
20301 12461
20301 532197
20301 20297
20301 20269
20301 20258
20301 20265
20301 437756
20301 39143
20301 20260
20301 20298
20301 20303
20301 20295
20301 20309
20301 20257
20301 20256
20301 20263
20301 119418
20301 20306
20301 20305
20265 20298
20265 152406
20265 20256
20265 20303
20265 20257
20265 530602
20265 530558
20265 532172
20265 20267
20265 7320
20265 20269
20265 20258
20265 258487
20265 20260
20265 20309
20265 20297
20265 20306
20265 20305
20265 20263
20265 20301
20305 531882
20305 20267
20305 20294
20305 20297
20305 102829
20305 20269
20305 20258
20305 20265
20305 237668
20305 20260
20305 3145807
20305 20298
20305 20303
20305 20295
20305 20309
20305 20257
20305 20256
20305 20301
20305 20263
20305 20306
20263 20267
20263 3281807
20263 20294
20263 20297
20263 20269
20263 20258
20263 20265
20263 1746351
20263 2350
20263 20260
20263 20292
20263 20298
20263 20303
20263 20295
20263 20309
20263 20257
20263 20256
20263 20301
20263 20306
20263 20305
258487 531756
258487 531884
258487 531786
258487 531868
258487 531789
258487 531890
258487 531867
258487 531780
258487 531752
258487 531778
258487 531894
258487 531755
258487 531770
258487 531848
258487 531842
258487 531773
258487 531885
258487 531790
258487 531775
258487 531762
17027 90299
17027 107899
17027 107943
17027 107937
17027 89649
17027 107930
17027 63997
17027 107094
17027 14007
17027 33041
17027 107935
17027 107894
17027 107923
17027 107933
17027 96168
17027 107951
17027 107896
17027 107895
17027 64291
17027 107886
20615 530932
20615 20613
20615 540510
20615 20648
20615 19482
20615 19988
20615 20646
20615 20644
20615 20062
20615 20618
20615 20650
20615 19372
20615 20642
20615 20617
20615 17027
20615 20623
20615 19983
20615 20621
20615 1536563
20615 20625
20644 20613
20644 89649
20644 19482
20644 93288
20644 19988
20644 540939
20644 63998
20644 2477
20644 19186
20644 19372
20644 63467
20644 17027
20644 63974
20644 19983
20644 107951
20644 107948
20644 530268
20644 1536563
20644 107940
20644 107939
20621 25821
20621 20648
20621 19988
20621 20646
20621 20644
20621 20062
20621 20627
20621 20618
20621 9797
20621 20650
20621 406263
20621 93601
20621 20642
20621 20617
20621 20615
20621 14784
20621 20623
20621 19983
20621 20629
20621 20625
152406 812776
152406 38765
152406 39398
152406 3695393
152406 4119
152406 144e712a2b9655cfd696aa03f10185a4
152406 575797
152406 589943
152406 149736
152406 102821
152406 915529
152406 4859
152406 102820
152406 1c1afaa35c8fef288c9f2ea0f0a200e2
152406 30259
152406 42764
152406 10699
152406 116040
152406 4998
152406 38772
20309 20288
20309 20294
20309 20297
20309 20258
20309 20265
20309 20290
20309 20260
20309 20292
20309 20298
20309 20303
20309 20295
20309 20257
20309 20256
20309 20301
20309 1536563
20309 20263
20309 314222
20309 531787
20309 20306
20309 20305
20062 107936
20062 204711
20062 107934
20062 63997
20062 93288
20062 107890
20062 107889
20062 107926
20062 63974
20062 64294
20062 107946
20062 96168
20062 19110
20062 107093
20062 263690
20062 107896
20062 64291
20062 107886
20062 64293
20062 107939
20618 4353
20618 51341
20618 29063
20618 20648
20618 20646
20618 20627
20618 20650
20618 20617
20618 20615
20618 20623
20618 9258588
20618 4543
20618 3227346
20618 3146726
20618 20621
20618 76917
20618 230616
20618 142727
20618 20629
20618 20625
20269 20288
20269 20294
20269 20297
20269 20258
20269 530831
20269 531774
20269 2477
20269 20290
20269 20292
20269 20298
20269 20303
20269 20295
20269 20309
20269 20257
20269 20256
20269 20301
20269 26755
20269 1536563
20269 20306
20269 20305
137033 2234940
137033 95498
137033 94905
137033 409416
137033 3137942
137033 141247
137033 140639
137033 95777
137033 1764896
137033 3137929
137033 137033
137033 25176
137033 140649
137033 6748
137033 12330
137033 1297732
137033 137030
137033 3171164
137033 5eb661e9492f6994d2caa4a8dc567cd5
137033 83095
384353 1426
384353 2574
384353 796
384353 1638
384353 420248
384353 5243
384353 2706
384353 2707
384353 d747c3140d2004ad78989ef2883e1d62
384353 6323
384353 2849
384353 163247
384353 3256624
384353 492691
384353 5465
384353 94105
20625 19372
20625 20627
20625 20646
20625 20623
20625 20642
20625 20617
20625 20615
20625 20621
20625 17027
20625 20062
20625 1536563
20625 19988
20625 20650
20625 530848
20625 20644
20625 20648
20625 19482
20625 19983
20625 20618
20625 142321
20260 63724
20260 26753
20260 20286
20260 20288
20260 20294
20260 20297
20260 63325
20260 20290
20260 20292
20260 20254
20260 20298
20260 20303
20260 20295
20260 63996
20260 20256
20260 20301
20260 530268
20260 1536563
20260 60513
20260 20305
19372 90299
19372 540718
19372 63326
19372 20613
19372 19482
19372 19988
19372 63722
19372 63729
19372 530831
19372 530530
19372 63723
19372 19186
19372 1446540
19372 63319
19372 63467
19372 17027
19372 107946
19372 19983
19372 64293
19372 314222
20627 20648
20627 19482
20627 19988
20627 20646
20627 20644
20627 20062
20627 20618
20627 20650
20627 32049
20627 32165
20627 19372
20627 20642
20627 20617
20627 20615
20627 20623
20627 19983
20627 20621
20627 2419494
20627 20629
20627 20625
530535 4da30bd024c27745334dd68591442dbb
530535 f047ac08a4d564b2b57efafff2eebcb6
530535 268967
530535 0f62e6b56fd3172f54712f2c21c65f4d
530535 57683
530535 1279627
530535 1279631
530535 1279630
530535 2bb6b123eb43c9032f74e9787027b872
530535 1279629
530535 1279628
530535 77a6216658ea899abca9d33ca9770eba
530535 ab9048248965038b5f0f835e554afa61
530535 137033
530535 408364
530535 ead64131dd0c6578fe848645bdd65aac
530535 27337
530535 2128
530535 1411
530535 384353
151863 4c550c4a5bded978b23645ae537d67a4
151863 3ebc3c3aca19656690f72f1557c5f2bc
151863 144ec20b1c80b5f42285573bb470af23
151863 20265
151863 acaa85fd9b886f3566ad7eafce1d7a76
151863 a41b7f46526ac1bf3adc4f0091b370ab
151863 07d9281ad13c0ec332a211545e499473
151863 50a9d4b2ebf029222d247e7723a9de63
151863 102de53d40843cfa6aee969c0b86c941
151863 0f046067244f3bb64312be44cd463169
151863 731a54805aa697ff7b9b5c6dee54c1c8
151863 5a99e7e14b6470efa55a3c2d7c6e65f7
151863 530535
151863 2ebbdcf3beead04676fff7e45663c149
151863 aa5ff26fd9590ae171035a0fdf4b5b81
151863 56510a7e43bf4c4e331d69129d85b7f3
151863 395d131155c432b9483e2fae71eec979
151863 b79f9603f73bae93394e07ccd759c0cc
151863 9f883219ac6d45b407c4e779990ad422
151863 20625
530848 20288
530848 19482
530848 20411
530848 530831
530848 20413
530848 530530
530848 531774
530848 1231
530848 1446540
530848 891
530848 20254
530848 74212
530848 20373
530848 20064
530848 3347505
530848 530829
530848 63470
530848 2352568
530848 1536563
530848 3349410
20642 63724
20642 142321
20642 725
20642 107943
20642 20613
20642 19482
20642 19988
20642 63325
20642 63998
20642 530831
20642 19186
20642 1446540
20642 19372
20642 17027
20642 63726
20642 63974
20642 107946
20642 19983
20642 107948
20642 63470
530558 71455
530558 57656
530558 408364
530558 1279634
530558 1279631
530558 4fc8222729ae8c6b24b562b89339c427
530558 1279635
530558 27307
530558 384353
530558 47528
530558 1279633
530558 1279632
530558 57683
530558 268967
530558 57655
530558 27308
530558 6287f8304f39cb81e3c727ebe1e596bb
530558 ab9048248965038b5f0f835e554afa61
530558 77a6216658ea899abca9d33ca9770eba
530558 f047ac08a4d564b2b57efafff2eebcb6
20257 20288
20257 20294
20257 20297
20257 20258
20257 20265
20257 2477
20257 20290
20257 1446540
20257 20260
20257 20292
20257 20254
20257 20298
20257 20303
20257 20295
20257 20309
20257 20256
20257 20301
20257 20263
20257 20306
20257 20305
20256 20267
20256 20288
20256 20294
20256 20297
20256 20258
20256 20265
20256 20290
20256 1446540
20256 540981
20256 20260
20256 20292
20256 20298
20256 20303
20256 20295
20256 20309
20256 20257
20256 20301
20256 20263
20256 20306
20256 20305
20650 63316
20650 63724
20650 90299
20650 107945
20650 63482
20650 60514
20650 63997
20650 93288
20650 107950
20650 63998
20650 63722
20650 63723
20650 19186
20650 107949
20650 824
20650 63974
20650 21944
20650 63725
20650 63328
20650 63470
20623 90299
20623 20613
20623 89649
20623 107917
20623 19482
20623 263688
20623 107921
20623 107942
20623 107817
20623 19186
20623 1446540
20623 19372
20623 107816
20623 17027
20623 107946
20623 96168
20623 19110
20623 187811
20623 107886
20623 63470
27337 5331
27337 27348
27337 30817
27337 27349
27337 27343
27337 27339
27337 27304
27337 27333
27337 e5c930e0b10b6601286ce4df20bd76e0
27337 27338
27337 27358
27337 312741
27337 27321
27337 337887
27337 27309
27337 27353
27337 ddaaa09410146c556c9cb85a71a0dabf
27337 27328
27337 27296
27337 27316
20306 20267
20306 20294
20306 3350214
20306 20297
20306 20269
20306 20258
20306 20265
20306 530696
20306 20260
20306 20298
20306 20303
20306 20295
20306 20309
20306 530910
20306 20257
20306 20256
20306 20301
20306 78871
20306 20263
20306 20305
20303 20267
20303 20294
20303 20297
20303 255140
20303 20269
20303 20258
20303 20265
20303 9511a9f64a198f66ce1778c6037287b5
20303 20260
20303 20292
20303 20298
20303 20295
20303 20309
20303 20257
20303 20256
20303 20301
20303 20263
20303 43732
20303 20306
20303 20305
532172 71455
532172 408364
532172 1279580
532172 57663
532172 384353
532172 523977
532172 1279579
532172 57660
532172 1279578
532172 57683
532172 3501769
532172 268967
532172 27308
532172 57664
532172 ab9048248965038b5f0f835e554afa61
532172 ead64131dd0c6578fe848645bdd65aac
532172 27cc74be0ee3ab76b07f4c9ab16e10a0
532172 1279581
532172 77a6216658ea899abca9d33ca9770eba
532172 f047ac08a4d564b2b57efafff2eebcb6
19983 725
19983 20613
19983 20648
19983 19482
19983 19988
19983 20646
19983 63325
19983 20644
19983 20062
19983 63723
19983 19186
19983 1446540
19983 19372
19983 63467
19983 20642
19983 20615
19983 17027
19983 74212
19983 63328
19983 314222
142321 63724
142321 57704
142321 60514
142321 26086
142321 107934
142321 107094
142321 26572
142321 63729
142321 107923
142321 21944
142321 107924
142321 20435
142321 63728
142321 107951
142321 63725
142321 63470
142321 64293
142321 889
142321 107940
142321 314222
268967 bbd3fe6e243cee25c350fec4e6da897b
268967 55136458990b35fda9f280aebaa51cd2
268967 c9067042a3eba024d36715b5ea1b07e2
268967 789121
268967 285403
268967 94f573024963b0cf0897be0fcffa2d2a
268967 3388945
268967 37831
268967 9293397
268967 87a7cf473b2faed922fb07edbb6bfa31
268967 289087
268967 957df0119c4e8839ca35232c58a3c8ec
268967 2eb79163463098020d7a157ba70ad576
268967 cc69edb5988fed5be3e95c017fcbebe3
268967 37832
268967 e3e7ee4f37937e18aa6a09fe55c20300
268967 fd7f2e194cbaef9f84bcff23c587fe89
268967 3146726
268967 69d2b68618657fa0563850595c54305f
268967 799dded2ee7d99894a2a517d8a9ad30c
530602 71455
530602 1279627
530602 57656
530602 408364
530602 1279625
530602 27307
530602 384353
530602 47528
530602 57683
530602 3501769
530602 268967
530602 57655
530602 ab9048248965038b5f0f835e554afa61
530602 1279626
530602 ead64131dd0c6578fe848645bdd65aac
530602 27cc74be0ee3ab76b07f4c9ab16e10a0
530602 1279629
530602 77a6216658ea899abca9d33ca9770eba
530602 f047ac08a4d564b2b57efafff2eebcb6
530602 1279628
20267 20286
20267 63482
20267 20288
20267 63326
20267 89649
20267 93288
20267 63998
20267 63729
20267 530831
20267 33041
20267 20290
20267 63467
20267 107938
20267 63726
20267 824
20267 20254
20267 63974
20267 63728
20267 63470
20267 107940
20617 530596
20617 20648
20617 19482
20617 19988
20617 20646
20617 20644
20617 20062
20617 20627
20617 541056
20617 20618
20617 20650
20617 19372
20617 20642
20617 20615
20617 17027
20617 20623
20617 19983
20617 20621
20617 20629
20617 20625
20297 20267
20297 234915
20297 117486
20297 286778
20297 20269
20297 20258
20297 20265
20297 33034
20297 37279
20297 20260
20297 20309
20297 20257
20297 27538
20297 219164
20297 105250
20297 a72180f991cddabe45cb06e8aacacc61
20297 187103
20297 20263
20297 20306
20297 12486421
7320 794
7320 20267
7320 37558
7320 20110
7320 8dfd5c66be64d51231c5307e2123a11a
7320 20419
7320 20228
7320 943
7320 20663
7320 20265
7320 9ed7676f747bd6b6a39ff878d150bc9e
7320 47894ed2c32aaa94cfe3ef38cbe6e399
7320 2160
7320 08efebb858591b59997ebad5fdcda170
7320 20657
7320 20615
7320 811222
7320 20260
7320 20702
7320 3041d3482810e1413ffba68217ea0deb
19988 2455387
19988 102345
19988 531084
19988 20648
19988 20646
19988 20644
19988 20062
19988 20627
19988 20618
19988 20650
19988 541054
19988 20642
19988 20617
19988 20615
19988 20623
19988 20621
19988 20659
19988 532219
19988 20629
19988 20625
20646 107899
20646 20613
20646 107934
20646 93288
20646 107950
20646 63722
20646 63729
20646 33041
20646 107942
20646 63474
20646 63723
20646 19186
20646 107931
20646 824
20646 64294
20646 107946
20646 63469
20646 63975
20646 107093
20646 63470
1536563 20121
1536563 20196
1536563 3676101
1536563 20117
1536563 20066
1536563 20139
1536563 1437374
1536563 304713
1536563 4263
1536563 20202
1536563 8453
1536563 20193
1536563 317769
1536563 10901492
1536563 20133
1536563 20189
1536563 38762
1536563 36702
1536563 20129
1536563 62774
1411 12657
1411 362339
1411 27315
1411 136948
1411 53881
1411 86806
1411 419678
1411 24186
1411 61819
1411 42291
1411 60544
1411 500045
1411 99282
1411 137033
1411 119971
1411 2128
1411 29688
1411 28637
1411 8129ed8ece8bc311184c176b5f217598
1411 288435
20648 107936
20648 107943
20648 107917
20648 63997
20648 107950
20648 107925
20648 63998
20648 63722
20648 14007
20648 107942
20648 107931
20648 107926
20648 63726
20648 107933
20648 63996
20648 107918
20648 107093
20648 63725
20648 63483
20648 64291
2128 107943
2128 63326
2128 93288
2128 107950
2128 63325
2128 63998
2128 63729
2128 33041
2128 63474
2128 107938
2128 63974
2128 21944
2128 107951
2128 63996
2128 107948
2128 63469
2128 63975
2128 63483
2128 63470
2128 60513
20258 20267
20258 20288
20258 20294
20258 20297
20258 20269
20258 20265
20258 20290
20258 1446540
20258 20260
20258 20292
20258 20298
20258 20303
20258 20295
20258 20309
20258 20257
20258 20256
20258 20301
20258 20263
20258 20306
20258 20305
19482 63482
19482 63326
19482 20613
19482 89649
19482 107950
19482 63722
19482 33041
19482 2477
19482 63474
19482 63723
19482 19186
19482 63726
19482 74212
19482 63996
19482 63469
19482 63725
19482 63483
19482 63470
19482 1536563
19482 60513
20298 182961
20298 20267
20298 40660
20298 312113
20298 20269
20298 20258
20298 20265
20298 62813
20298 a70dcb4fc90bbe1fdb79399aeecae262
20298 2350
20298 20260
20298 103933
20298 20309
20298 3146726
20298 20257
20298 20256
20298 90104
20298 20263
20298 20306
20298 20305
