63326
4119
107926
1446540
38772
20301 20267 12461 532197 20297 20269 20258 20265 437756 39143 20260 20298 20303 20295 20309 20257 20256 20263 119418 20306 20305
589943
12486421
492691
20265 20298 152406 20256 20303 20257 530602 530558 532172 20267 7320 20269 20258 258487 20260 20309 20297 20306 20305 20263 20301
531752
1231
20305 531882 20267 20294 20297 102829 20269 20258 20265 237668 20260 3145807 20298 20303 20295 20309 20257 20256 20301 20263 20306
107917
943
94905
27316
3388945
20263 20267 3281807 20294 20297 20269 20258 20265 1746351 2350 20260 20292 20298 20303 20295 20309 20257 20256 20301 20306 20305
60514
3676101
531778
2234940
3347505
4543
794
20064
37279
99282
317769
2160
20629
107939
107890
1279632
187103
10901492
71455
531890
27328
530829
94105
20659
258487 531756 531884 531786 531868 531789 531890 531867 531780 531752 531778 531894 531755 531770 531848 531842 531773 531885 531790 531775 531762
119971
530530
20288
ead64131dd0c6578fe848645bdd65aac
37831
230616
304713
2ebbdcf3beead04676fff7e45663c149
ab9048248965038b5f0f835e554afa61
51341
575797
96168
17027 90299 107899 107943 107937 89649 107930 63997 107094 14007 33041 107935 107894 107923 107933 96168 107951 107896 107895 64291 107886
60513
20615 530932 20613 540510 20648 19482 19988 20646 20644 20062 20618 20650 19372 20642 20617 17027 20623 19983 20621 1536563 20625
63723
57704
3041d3482810e1413ffba68217ea0deb
3227346
2bb6b123eb43c9032f74e9787027b872
20413
27353
77a6216658ea899abca9d33ca9770eba
149736
107936
1746351
27343
406263
26753
38762
2419494
144e712a2b9655cfd696aa03f10185a4
20644 20613 89649 19482 93288 19988 540939 63998 2477 19186 19372 63467 17027 63974 19983 107951 107948 530268 1536563 107940 107939
55136458990b35fda9f280aebaa51cd2
24186
95498
63328
234915
20621 25821 20648 19988 20646 20644 20062 20627 20618 9797 20650 406263 93601 20642 20617 20615 14784 20623 19983 20629 20625
0f62e6b56fd3172f54712f2c21c65f4d
36702
915529
3145807
107933
19110
540981
a70dcb4fc90bbe1fdb79399aeecae262
1279631
57660
152406 812776 38765 39398 3695393 4119 144e712a2b9655cfd696aa03f10185a4 575797 589943 149736 102821 915529 4859 102820 1c1afaa35c8fef288c9f2ea0f0a200e2 30259 42764 10699 116040 4998 38772
107935
12461
8dfd5c66be64d51231c5307e2123a11a
532219
1279626
136948
531848
94f573024963b0cf0897be0fcffa2d2a
107889
20110
500045
90299
63996
1279579
105250
362339
63997
1279635
725
20702
731a54805aa697ff7b9b5c6dee54c1c8
20309 20288 20294 20297 20258 20265 20290 20260 20292 20298 20303 20295 20257 20256 20301 1536563 20263 314222 531787 20306 20305
531787
531884
ddaaa09410146c556c9cb85a71a0dabf
08efebb858591b59997ebad5fdcda170
20062 107936 204711 107934 63997 93288 107890 107889 107926 63974 64294 107946 96168 19110 107093 263690 107896 64291 107886 64293 107939
27304
20228
531867
20618 4353 51341 29063 20648 20646 20627 20650 20617 20615 20623 9258588 4543 3227346 3146726 20621 76917 230616 142727 20629 20625
107886
20269 20288 20294 20297 20258 530831 531774 2477 20290 20292 20298 20303 20295 20309 20257 20256 20301 26755 1536563 20306 20305
137033 2234940 95498 94905 409416 3137942 141247 140639 95777 1764896 3137929 137033 25176 140649 6748 12330 1297732 137030 3171164 5eb661e9492f6994d2caa4a8dc567cd5 83095
90104
5eb661e9492f6994d2caa4a8dc567cd5
312741
1279578
530696
63725
384353 1426 2574 796 1638 420248 5243 2706 2707 d747c3140d2004ad78989ef2883e1d62 6323 2849 163247 3256624 492691 5465 94105
32049
144ec20b1c80b5f42285573bb470af23
29688
530932
63470
182961
541054
219164
20290
531894
1279628
63729
37832
107093
20657
3256624
531084
e5c930e0b10b6601286ce4df20bd76e0
aa5ff26fd9590ae171035a0fdf4b5b81
408364
27321
f047ac08a4d564b2b57efafff2eebcb6
50a9d4b2ebf029222d247e7723a9de63
25821
20625 19372 20627 20646 20623 20642 20617 20615 20621 17027 20062 1536563 19988 20650 530848 20644 20648 19482 19983 20618 142321
531885
142727
2574
20260 63724 26753 20286 20288 20294 20297 63325 20290 20292 20254 20298 20303 20295 63996 20256 20301 530268 1536563 60513 20305
1279633
3137942
19372 90299 540718 63326 20613 19482 19988 63722 63729 530831 530530 63723 19186 1446540 63319 63467 17027 107946 19983 64293 314222
12330
9293397
6323
812776
2350
3350214
57656
64294
63469
20435
63726
3501769
1638
3146726
5243
4859
102820
20627 20648 19482 19988 20646 20644 20062 20618 20650 32049 32165 19372 20642 20617 20615 20623 19983 20621 2419494 20629 20625
107894
102345
540718
531790
2477
286778
530535 4da30bd024c27745334dd68591442dbb f047ac08a4d564b2b57efafff2eebcb6 268967 0f62e6b56fd3172f54712f2c21c65f4d 57683 1279627 1279631 1279630 2bb6b123eb43c9032f74e9787027b872 1279629 1279628 77a6216658ea899abca9d33ca9770eba ab9048248965038b5f0f835e554afa61 137033 408364 ead64131dd0c6578fe848645bdd65aac 27337 2128 1411 384353
42291
20295
151863 4c550c4a5bded978b23645ae537d67a4 3ebc3c3aca19656690f72f1557c5f2bc 144ec20b1c80b5f42285573bb470af23 20265 acaa85fd9b886f3566ad7eafce1d7a76 a41b7f46526ac1bf3adc4f0091b370ab 07d9281ad13c0ec332a211545e499473 50a9d4b2ebf029222d247e7723a9de63 102de53d40843cfa6aee969c0b86c941 0f046067244f3bb64312be44cd463169 731a54805aa697ff7b9b5c6dee54c1c8 5a99e7e14b6470efa55a3c2d7c6e65f7 530535 2ebbdcf3beead04676fff7e45663c149 aa5ff26fd9590ae171035a0fdf4b5b81 56510a7e43bf4c4e331d69129d85b7f3 395d131155c432b9483e2fae71eec979 b79f9603f73bae93394e07ccd759c0cc 9f883219ac6d45b407c4e779990ad422 20625
530848 20288 19482 20411 530831 20413 530530 531774 1231 1446540 891 20254 74212 20373 20064 3347505 530829 63470 2352568 1536563 3349410
5465
107943
83095
20642 63724 142321 725 107943 20613 19482 19988 63325 63998 530831 19186 1446540 19372 17027 63726 63974 107946 19983 107948 63470
531770
5331
bbd3fe6e243cee25c350fec4e6da897b
540939
530831
3349410
1279580
530558 71455 57656 408364 1279634 1279631 4fc8222729ae8c6b24b562b89339c427 1279635 27307 384353 47528 1279633 1279632 57683 268967 57655 27308 6287f8304f39cb81e3c727ebe1e596bb ab9048248965038b5f0f835e554afa61 77a6216658ea899abca9d33ca9770eba f047ac08a4d564b2b57efafff2eebcb6
21944
20121
137030
27309
27315
1279625
107816
531774
20066
20254
102821
107918
20294
27308
63325
63974
4c550c4a5bded978b23645ae537d67a4
141247
53881
799dded2ee7d99894a2a517d8a9ad30c
20613
3ebc3c3aca19656690f72f1557c5f2bc
fd7f2e194cbaef9f84bcff23c587fe89
27cc74be0ee3ab76b07f4c9ab16e10a0
20373
26755
61819
140639
87a7cf473b2faed922fb07edbb6bfa31
20257 20288 20294 20297 20258 20265 2477 20290 1446540 20260 20292 20254 20298 20303 20295 20309 20256 20301 20263 20306 20305
1c1afaa35c8fef288c9f2ea0f0a200e2
20256 20267 20288 20294 20297 20258 20265 20290 1446540 540981 20260 20292 20298 20303 20295 20309 20257 20301 20263 20306 20305
93601
95777
12657
57683
9797
531756
1297732
20650 63316 63724 90299 107945 63482 60514 63997 93288 107950 63998 63722 63723 19186 107949 824 63974 21944 63725 63328 63470
a72180f991cddabe45cb06e8aacacc61
60544
20623 90299 20613 89649 107917 19482 263688 107921 107942 107817 19186 1446540 19372 107816 17027 107946 96168 19110 187811 107886 63470
531775
4263
531882
107938
314222
187811
27337 5331 27348 30817 27349 27343 27339 27304 27333 e5c930e0b10b6601286ce4df20bd76e0 27338 27358 312741 27321 337887 27309 27353 ddaaa09410146c556c9cb85a71a0dabf 27328 27296 27316
119418
20419
5a99e7e14b6470efa55a3c2d7c6e65f7
64293
25176
107931
30817
20306 20267 20294 3350214 20297 20269 20258 20265 530696 20260 20298 20303 20295 20309 530910 20257 20256 20301 78871 20263 20305
107921
541056
4353
32165
63975
337887
107925
107945
531789
39398
237668
63482
14007
420248
26572
107923
69d2b68618657fa0563850595c54305f
20303 20267 20294 20297 255140 20269 20258 20265 9511a9f64a198f66ce1778c6037287b5 20260 20292 20298 20295 20309 20257 20256 20301 20263 43732 20306 20305
891
62813
47528
20663
29063
6287f8304f39cb81e3c727ebe1e596bb
1279630
107899
107942
57655
38765
2706
63319
20133
163247
20202
117486
19186
27307
255140
2707
288435
3171164
10699
3695393
312113
20411
acaa85fd9b886f3566ad7eafce1d7a76
43732
20117
263690
93288
b79f9603f73bae93394e07ccd759c0cc
9f883219ac6d45b407c4e779990ad422
532172 71455 408364 1279580 57663 384353 523977 1279579 57660 1279578 57683 3501769 268967 27308 57664 ab9048248965038b5f0f835e554afa61 ead64131dd0c6578fe848645bdd65aac 27cc74be0ee3ab76b07f4c9ab16e10a0 1279581 77a6216658ea899abca9d33ca9770eba f047ac08a4d564b2b57efafff2eebcb6
107924
1279627
530596
9ed7676f747bd6b6a39ff878d150bc9e
27333
64291
19983 725 20613 20648 19482 19988 20646 63325 20644 20062 63723 19186 1446540 19372 63467 20642 20615 17027 74212 63328 314222
20286
63316
531842
107937
86806
531755
142321 63724 57704 60514 26086 107934 107094 26572 63729 107923 21944 107924 20435 63728 107951 63725 63470 64293 889 107940 314222
796
268967 bbd3fe6e243cee25c350fec4e6da897b 55136458990b35fda9f280aebaa51cd2 c9067042a3eba024d36715b5ea1b07e2 789121 285403 94f573024963b0cf0897be0fcffa2d2a 3388945 37831 9293397 87a7cf473b2faed922fb07edbb6bfa31 289087 957df0119c4e8839ca35232c58a3c8ec 2eb79163463098020d7a157ba70ad576 cc69edb5988fed5be3e95c017fcbebe3 37832 e3e7ee4f37937e18aa6a09fe55c20300 fd7f2e194cbaef9f84bcff23c587fe89 3146726 69d2b68618657fa0563850595c54305f 799dded2ee7d99894a2a517d8a9ad30c
42764
1764896
63724
140649
20129
409416
107817
76917
523977
27348
9258588
530910
30259
532197
395d131155c432b9483e2fae71eec979
27339
20196
107946
530602 71455 1279627 57656 408364 1279625 27307 384353 47528 57683 3501769 268967 57655 ab9048248965038b5f0f835e554afa61 1279626 ead64131dd0c6578fe848645bdd65aac 27cc74be0ee3ab76b07f4c9ab16e10a0 1279629 77a6216658ea899abca9d33ca9770eba f047ac08a4d564b2b57efafff2eebcb6 1279628
20267 20286 63482 20288 63326 89649 93288 63998 63729 530831 33041 20290 63467 107938 63726 824 20254 63974 63728 63470 107940
cc69edb5988fed5be3e95c017fcbebe3
28637
957df0119c4e8839ca35232c58a3c8ec
20617 530596 20648 19482 19988 20646 20644 20062 20627 541056 20618 20650 19372 20642 20615 17027 20623 19983 20621 20629 20625
107895
57663
285403
27349
531773
1279634
89649
47894ed2c32aaa94cfe3ef38cbe6e399
20139
3281807
2352568
2455387
4fc8222729ae8c6b24b562b89339c427
0f046067244f3bb64312be44cd463169
107951
107949
63998
20193
27538
107940
107896
20297 20267 234915 117486 286778 20269 20258 20265 33034 37279 20260 20309 20257 27538 219164 105250 a72180f991cddabe45cb06e8aacacc61 187103 20263 20306 12486421
20189
530268
107950
811222
27358
103933
531762
57664
531786
1437374
27338
437756
789121
3137929
e3e7ee4f37937e18aa6a09fe55c20300
63467
78871
2eb79163463098020d7a157ba70ad576
107948
107930
107934
263688
d747c3140d2004ad78989ef2883e1d62
7320 794 20267 37558 20110 8dfd5c66be64d51231c5307e2123a11a 20419 20228 943 20663 20265 9ed7676f747bd6b6a39ff878d150bc9e 47894ed2c32aaa94cfe3ef38cbe6e399 2160 08efebb858591b59997ebad5fdcda170 20657 20615 811222 20260 20702 3041d3482810e1413ffba68217ea0deb
1279581
07d9281ad13c0ec332a211545e499473
19988 2455387 102345 531084 20648 20646 20644 20062 20627 20618 20650 541054 20642 20617 20615 20623 20621 20659 532219 20629 20625
20646 107899 20613 107934 93288 107950 63722 63729 33041 107942 63474 63723 19186 107931 824 64294 107946 63469 63975 107093 63470
102de53d40843cfa6aee969c0b86c941
1536563 20121 20196 3676101 20117 20066 20139 1437374 304713 4263 20202 8453 20193 317769 10901492 20133 20189 38762 36702 20129 62774
419678
c9067042a3eba024d36715b5ea1b07e2
1411 12657 362339 27315 136948 53881 86806 419678 24186 61819 42291 60544 500045 99282 137033 119971 2128 29688 28637 8129ed8ece8bc311184c176b5f217598 288435
62774
4da30bd024c27745334dd68591442dbb
56510a7e43bf4c4e331d69129d85b7f3
37558
116040
4998
102829
63722
2849
9511a9f64a198f66ce1778c6037287b5
204711
27296
20648 107936 107943 107917 63997 107950 107925 63998 63722 14007 107942 107931 107926 63726 107933 63996 107918 107093 63725 63483 64291
8129ed8ece8bc311184c176b5f217598
63728
8453
20292
824
2128 107943 63326 93288 107950 63325 63998 63729 33041 63474 107938 63974 21944 107951 63996 107948 63469 63975 63483 63470 60513
531868
20258 20267 20288 20294 20297 20269 20265 20290 1446540 20260 20292 20298 20303 20295 20309 20257 20256 20301 20263 20306 20305
26086
889
74212
63483
14784
33034
531780
40660
63474
19482 63482 63326 20613 89649 107950 63722 33041 2477 63474 63723 19186 63726 74212 63996 63469 63725 63483 63470 1536563 60513
289087
a41b7f46526ac1bf3adc4f0091b370ab
107094
6748
39143
33041
1426
20298 182961 20267 40660 312113 20269 20258 20265 62813 a70dcb4fc90bbe1fdb79399aeecae262 2350 20260 103933 20309 3146726 20257 20256 90104 20263 20306 20305
1279629
540510
