1803	250290
Chiến tranh Berber thứ nhất	250290
10 tháng 11	63998	63318	63996
10 tháng 2	63316	33041	63319	14007	63483
15 tháng 3	824	20206
11 tháng 11	63328	63318	63316	33041	63996	14007
1807	250290
1802	250290
Chế độ nô lệ	250290
110 TCN	541526
15 tháng 2	250290
1805	20077	250290
10 tháng 1	20064	63998	20077	63316	824	63996	63319	14007	63483
1068	20064
1994	107813
112 TCN	541526
16 tháng 2	250290
1984	107813
Giáp Tuất	250290
12 tháng 3	63316	33041	20206
Lịch Assyria	392126
10 tháng 3	63998	63328	63318	63316	63996	14007	63483
11 tháng 7	63998	33041	63996	63319
13 tháng 1	20064	63328	20077	63316	14007	63483
11 tháng 4	63998	63319
.at	75037
25 tháng 7	107813
1920	824
1812	392126
1842	20077
1532	20206
12 tháng 2	63998	63316
1975	107813
Lịch Berber	392126
1615	20206
.bb	75037
13 tháng 4	63319
1445	20206
1 tháng 8	107813
11 tháng 8	63316	63483
12 tháng 12	63998	63328	63318	63483
1940	824	107948
109 TCN	541526
13 tháng 9	63328	63318	107948
Bắc Hoa Kỳ	250290
1801	250290
Thập niên 120 TCN	541526
Thế kỷ	541526
1588	20206
Lịch Copt	392126
1533	20206
Thiên niên kỷ 1 TCN	541526
12 tháng 4	63998	824	33041	14007	63483
1814	392126
1818	20254
.ax	75037
1564	20206
18 tháng 1	20077	107948
1560	20064
Kali Yuga	392126
11 tháng 9	63998	63996	14007
114 TCN	541526
1 tháng 1	250290
1259	20064
George III của Anh	392126
.ae	75037
14 tháng 6	63319
14 tháng 11	63328	824
1990	107948
5 tháng 8	107813
.as	75037
1861	20077
1891	20077
1961	107948
10 tháng 5	20254	63998	63328	63318	824	33041	63996	63319
11 tháng 3	63998	63318	20206	63483
1326	20254
1950	824	107948
Lịch Bắc Triều Tiên	392126
12 tháng 7	63328	63318	63319	63483
22 tháng 1	107813
15 tháng 5	20254
12 tháng 10	63318	63316	33041	63996	63319	14007
16 tháng 8	824
.ba	75037
Carl Gustav Jakob Jacobi	250290
19 tháng 12	107948
Franklin Pierce	250290
1816	392126
1600	20064
1555	20254
.au	75037
13 tháng 3	824	20206
1502	20064
153 TCN	20064
16 tháng 1	20064	20077
Can Chi	392126
Thập niên 100 TCN	541526
11 tháng 2	63998	63328	63316	33041	63996	14007	63483
13 tháng 5	20254
14 tháng 2	250290
15 tháng 11	824
1787	20077
.ad	75037
1930	824	107948
1810	392126
12 tháng 6	63328	33041	63319	14007
Lịch Armenia	392126
113 TCN	541526
1868	20077
1308	20254
13 tháng 10	63319	14007
Thế kỷ 3 TCN	541526
16 tháng 5	20254
.ai	75037
.az	75037
17 tháng 7	824
10 tháng 10	63998	63316	824	33041	63996	14007	63483
1859	20254
1218	20254
1592	20254
Ab urbe condita	392126
11 tháng 10	63998	63316	33041	63996	63319	63483
11 tháng 5	20254	63998	63318	63316	33041	63996
13 tháng 12	63316	824
1669	20206
14 tháng 1	20064	63328	20077
14 tháng 5	20254	63328
13 tháng 11	63318	63319	63483
Danh sách thập niên	392126	541526	250290
Thế kỷ 1 TCN	541526
1851	20077
.af	75037
Thiên niên kỷ	541526
14 tháng 3	824	20206	63319	107813
1821	107813
1551	20077
1430	20064
Năm	541526
10 tháng 6	63998	63318	63996
Lịch Bahá'í	392126
13 tháng 8	63318
.an	75037
14 tháng 10	63319
1963	107948	107813
12 tháng 1	20064	63328	20077	33041	63996	63319	14007	63483
Thập niên 110 TCN	541526
1825	20254
24 tháng 5	107813
.ao	75037
1815	392126
1757	20077
Alexander Hamilton	250290
1980	107948
1693	20064
1811	392126
.aq	75037
Lịch Bengal	392126
1806	250290
1862	107813
1572	20254
19 tháng 5	107948
.al	75037
15 tháng 1	20064	63328	20077
1970	107948	107813
17 tháng 1	20077
Thập niên 130 TCN	541526
1951	824
21 tháng 1	107948	107813
1628	20206
1503	20206
1908	20077
24 tháng 3	107813
1769	20254
1960	107948
1852	20254
1484	20064
1967	107948
.am	75037
1753	20077
10 tháng 4	63998	63328	33041	63996	63319	14007
15 tháng 7	824
.ar	75037
1786	20254
Lịch Do Thái	392126
16 tháng 10	824	107813
1965	107948	107813
1670	20206
Dương lịch Thái	392126
1828	107813
Immanuel Kant	250290
1993	107813
11 tháng 12	63328	63318	63996	14007
1001	20064
11 tháng 1	20064	63318	63316	63996
108 TCN	541526
12 tháng 11	63998	63316	33041	107948	63996	14007	63483
1694	20206
1651	20064
12 tháng 9	63328	63318	14007	63483
Thế kỷ 2 TCN	541526
18 tháng 6	824
12 tháng 8	63483
1882	20077
1966	107948
.aw	75037
1515	20064
17 tháng 5	20254
Lịch Julius	541526
10 tháng 12	63318	63316
11 tháng 6	63316	33041	63319	14007
Haiti	250290
16 tháng 3	20206
1964	107813
10 tháng 9	33041	107948	14007
1604	20206
.ag	75037
1527	20064
13 tháng 6	63328	63318
1962	107948
13 tháng 2	63319
1584	20206
.ac	75037
Thập niên 90 TCN	541526
10 tháng 7	63998	63328	63316	33041	63996	63483
12 tháng 5	20254	63328	63318	33041	63483
1510	20206
10 tháng 8	63998	63318	63316	33041	63996	63319	14007	63483
